"TotalCases","StudentCases","EmployeeCases","nycsr_locationsiteid","nycsr_sitename","nycsr_building.nycsr_buildingid","nycsr_building.nycsr_longitude","nycsr_building.nycsr_latitude","nycsr_building.nycsr_buildingname","nycsr_building.nycsr_address"
4,0,4,"d03159fa-30f4-ea11-b882-24ee9a37d45c","Sunset Park High School - K667 - K564 - 15K667 - 153 35TH STREET","18fc3df4-30f4-ea11-b882-24ee9a37d45c",-74004342,40655583,"SUNSET PARK HS - BROOKLYN","153 35TH STREET"
1,0,1,"555b4cd6-32f4-ea11-b882-24ee9a37d45c","Port Richmond High School - R445 - R445 - 31R445 - 85 ST JOSEPHS AVENUE","515b4cd6-32f4-ea11-b882-24ee9a37d45c",-74141924,40635562,"PORT RICHMOND HS - S. I.","85 ST JOSEPHS AVENUE"
1,1,0,"87e2635c-32f4-ea11-b882-24ee9a37d45c","Benjamin N. Cardozo High School - Q415 - Q415 - 26Q415 - 57-00 223RD STREET","86e2635c-32f4-ea11-b882-24ee9a37d45c",-73757271,40752343,"BENJAMIN N. CARDOZO HS - Q","57-00 223RD STREET"
1,1,0,"3dc15a75-ebf6-ea11-b883-24ee9a37d459","Urban Assembly New York Harbor School - M551 - M871 - 02M551 - 134 CARDER ROAD","7bc280bd-31f4-ea11-b882-24ee9a37d45c",-74013582,40692063,"NYHS - BOATHOUSE","134 CARDER ROAD"
2,1,1,"c837fba4-31f4-ea11-b882-24ee9a37d45c","Park East High School - M495 - M495 - 04M495 - 230 EAST 105 STREET","c737fba4-31f4-ea11-b882-24ee9a37d45c",-73944092,40790191,"PARK EAST HS - MANHATTAN","230 EAST 105 STREET"
1,0,1,"9669c231-32f4-ea11-b882-24ee9a37d45c","P.S. 201 The Discovery School for Inquiry and Research - Q201 - Q201 - 25Q201 - 65-11 155 STREET","9769c231-32f4-ea11-b882-24ee9a37d45c",-73813011,40736541,"P.S. 201 - QUEENS","65-11 155 STREET"
4,1,3,"7d53dd74-33f4-ea11-b882-24ee9a37d45c","Bronx Compass High School - X561 - X450 - 08X561 - 1980 LAFAYETTE AVENUE","62ffcc6e-33f4-ea11-b882-24ee9a37d45c",-73855930,40821218,"Adlai E. Stevenson Educational Campus","1980 LAFAYETTE AVENUE"
3,2,1,"58507380-31f4-ea11-b882-24ee9a37d45c","P.S./I.S. 187 Hudson Cliffs - M187 - M187 - 06M187 - 349 CABRINI BOULEVARD","59507380-31f4-ea11-b882-24ee9a37d45c",-73936840,40856239,"P.S./I.S. 187 - MANHATTAN","349 CABRINI BOULEVARD"
2,0,2,"197eed06-32f4-ea11-b882-24ee9a37d45c","P.S. 089 Elmhurst - Q089 - Q089 - 24Q089 - 85-28 BRITTON AVENUE","1a7eed06-32f4-ea11-b882-24ee9a37d45c",-73879641,40745963,"P.S. 89 - QUEENS","85-28 BRITTON AVENUE"
1,0,1,"b6315367-30f4-ea11-b882-24ee9a37d45c","P.S. 120 Carlos Tapia - K120 - K120 - 14K120 - 18 BEAVER STREET","b2315367-30f4-ea11-b882-24ee9a37d45c",-73937888,40700819,"P.S. 120 - BROOKLYN","18 BEAVER STREET"
1,1,0,"0878931f-33f4-ea11-b882-24ee9a37d45c","Young Women's Leadership School of the Bronx - X568 - X117 - 09X568 - 1865 MORRIS AVENUE","0578931f-33f4-ea11-b882-24ee9a37d45c",-73909022,40848552,"I.S. 117 - BRONX","1865 MORRIS AVENUE"
1,0,1,"c08fd48d-ebf6-ea11-b883-24ee9a37d459","The Riverview School - Q277 - Q076 - 75Q277 - 36-36 10 Street","d2e8ce00-32f4-ea11-b882-24ee9a37d45c",-73941630,40760862,"P.S. 76 - QUEENS","36-36 10 Street"
1,1,0,"60b50aa5-30f4-ea11-b882-24ee9a37d45c","J.H.S. 259 William McKinley - K259 - K259 - 20K259 - 7305 FT HAMILTON PARKWAY","61b50aa5-30f4-ea11-b882-24ee9a37d45c",-74014633,40626089,"I.S. 259 - BROOKLYN","7305 FT HAMILTON PARKWAY"
10,3,7,"fad27c6d-30f4-ea11-b882-24ee9a37d45c","The Windsor Terrace School - K154 - K154 - 15K154 - 1625 11 AVENUE","fbd27c6d-30f4-ea11-b882-24ee9a37d45c",-73975967,40657002,"P.S. 154 - BROOKLYN","1625 11 AVENUE"
1,0,1,"b9bf14dd-ebf6-ea11-b883-24ee9a37d459","District 75 Secondary Site 75R037 (R844) - S057 - R844 -  - 200 Jefferson Blvd","8311b2e2-32f4-ea11-b882-24ee9a37d45c",-74182548,40543433,"P.S. 36 ANNEX - STATEN ISLAND","200 Jefferson Blvd"
2,2,0,"a62ff20c-32f4-ea11-b882-24ee9a37d45c","P.S. 102 Bayview - Q102 - Q102 - 24Q102 - 55-24 VAN HORN STREET","a72ff20c-32f4-ea11-b882-24ee9a37d45c",-73878243,40733033,"P.S./I.S. 102 - QUEENS","55-24 VAN HORN STREET"
7,2,5,"6307e99e-31f4-ea11-b882-24ee9a37d45c","Vanguard High School - M449 - M480 - 02M449 - 317 EAST  67 STREET","6007e99e-31f4-ea11-b882-24ee9a37d45c",-73959777,40765638,"JULIA RICHMAN ED. COMPLEX - M","317 EAST  67 STREET"
4,4,0,"75d92255-30f4-ea11-b882-24ee9a37d45c","J.H.S. 088 Peter Rouget - K088 - K088 - 15K088 - 544 7TH AVENUE","76d92255-30f4-ea11-b882-24ee9a37d45c",-73988743,40660805,"I.S. 88 - BROOKLYN","544 7TH AVENUE"
3,1,2,"692b3eee-30f4-ea11-b882-24ee9a37d45c","Franklin Delano Roosevelt High School - K505 - K505 - 20K505 - 5800 20 AVENUE","682b3eee-30f4-ea11-b882-24ee9a37d45c",-73982583,40621299,"FRANKLIN D. ROOSEVELT HS - K","5800 20 AVENUE"
1,0,1,"07ca024b-84ef-eb11-b8b1-24ee9a37d45c","P.S. Q177 - Q177 - Q435 - 75Q177 - 230-17 HILLSIDE AVENUE","c4b66262-32f4-ea11-b882-24ee9a37d45c",-73739726,40733888,"MARTIN VAN BUREN HS - QUEENS","230-17 HILLSIDE AVENUE"
3,2,1,"e8ed94c3-31f4-ea11-b882-24ee9a37d45c","Beacon High School - M479 - M912 - 03M479 - 522 WEST 44TH STREET","e7ed94c3-31f4-ea11-b882-24ee9a37d45c",-73996262,40760858,"BEACON HIGH SCHOOL - MANHATTAN","522 WEST 44TH STREET"
2,2,0,"8c886843-31f4-ea11-b882-24ee9a37d45c","P.S. 006 Lillie D. Blake - M006 - M006 - 02M006 - 45 EAST  81 STREET","8d886843-31f4-ea11-b882-24ee9a37d45c",-73960427,40777737,"P.S. 6 - MANHATTAN","45 EAST  81 STREET"
4,4,0,"4e767649-31f4-ea11-b882-24ee9a37d45c","P.S. 040 Augustus Saint-Gaudens - M040 - M040 - 02M040 - 320 EAST 20TH STREET","46767649-31f4-ea11-b882-24ee9a37d45c",-73981536,40735328,"P.S. 40 - MANHATTAN","320 EAST 20TH STREET"
1,1,0,"429f4974-31f4-ea11-b882-24ee9a37d45c","Washington Heights Expeditionary Learning School - M348 - M143 - 06M348 - 511 WEST 182ND STREET","3f9f4974-31f4-ea11-b882-24ee9a37d45c",-73930991,40849311,"I.S. 143 - MANHATTAN","511 WEST 182ND STREET"
6,5,1,"e292e6d5-30f4-ea11-b882-24ee9a37d45c","James Madison High School - K425 - K425 - 22K425 - 3787 BEDFORD AVENUE","e092e6d5-30f4-ea11-b882-24ee9a37d45c",-73947661,40610499,"JAMES MADISON HS - K","3787 BEDFORD AVENUE"
2,1,1,"c9968d36-30f4-ea11-b882-24ee9a37d45c","P.S. 016 Leonard Dunkly - K016 - K016 - 14K016 - 157 WILSON STREET","f9f57030-30f4-ea11-b882-24ee9a37d45c",-73962049,40706069,"P.S. 16 - BROOKLYN","157 WILSON STREET"
1,0,1,"10e2abc9-30f4-ea11-b882-24ee9a37d45c","Achievement First North Brooklyn Prep Charter School - K784 - K377 - 84K784 - 200 WOODBINE STREET","11e2abc9-30f4-ea11-b882-24ee9a37d45c",-73915159,40693542,"P.S. 377 - BROOKLYN","200 WOODBINE STREET"
3,2,1,"56f4a0ef-eaf6-ea11-b883-24ee9a37d459","Achievement First Voyager Charter School - K876 - K092 - 84K876 - 601 PARKSIDE AVENUE","86d92255-30f4-ea11-b882-24ee9a37d45c",-73953810,40656276,"P.S. 92 - BROOKLYN","601 PARKSIDE AVENUE"
1,1,0,"989c11e8-30f4-ea11-b882-24ee9a37d45c","Millennium Brooklyn HS - K684 - K460 - 15K684 - 237 7 AVENUE","929c11e8-30f4-ea11-b882-24ee9a37d45c",-73978580,40669255,"John Jay Educational Campus","237 7 AVENUE"
1,0,1,"848946f4-31f4-ea11-b882-24ee9a37d45c","P.S. 58 - The School of Heroes - Q058 - Q058 - 24Q058 - 72-24 GRAND AVENUE","808946f4-31f4-ea11-b882-24ee9a37d45c",-73890638,40728517,"P.S. 58 - QUEENS","72-24 GRAND AVENUE"
2,2,0,"a32ff20c-32f4-ea11-b882-24ee9a37d45c","P.S. 101 School in the Gardens - Q101 - Q101 - 28Q101 - 2 RUSSELL PLACE","a42ff20c-32f4-ea11-b882-24ee9a37d45c",-73843400,40715543,"P.S. 101 - QUEENS","2 RUSSELL PLACE"
2,2,0,"5d07e99e-31f4-ea11-b882-24ee9a37d45c","Stuyvesant High School - M475 - M477 - 02M475 - 345 CHAMBERS STREET","5c07e99e-31f4-ea11-b882-24ee9a37d45c",-74013921,40718025,"STUYVESANT HS (NEW) - MANHATTAN","345 CHAMBERS STREET"
1,0,1,"c056635c-33f4-ea11-b882-24ee9a37d45c","Herbert H. Lehman High School - X405 - X405 - 08X405 - 3000 EAST TREMONT AVENUE","b556635c-33f4-ea11-b882-24ee9a37d45c",-73839583,40839775,"HERBERT H. LEHMAN HS - X","3000 EAST TREMONT AVENUE"
6,6,0,"7107e99e-31f4-ea11-b882-24ee9a37d45c","Fiorello H. LaGuardia High School of Music & Art and Performing Arts - M485 - M485 - 03M485 - 100 Amsterdam Avenue","7207e99e-31f4-ea11-b882-24ee9a37d45c",-73985976,40774202,"FIORELLO LAGUARDIA HS - MANHATTAN","100 Amsterdam Avenue"
2,2,0,"410b210d-33f4-ea11-b882-24ee9a37d45c","P.S. 081 Robert J. Christen - X081 - X081 - 10X081 - 5550 RIVERDALE AVENUE","420b210d-33f4-ea11-b882-24ee9a37d45c",-73904657,40903275,"P.S. 81 - BRONX","5550 RIVERDALE AVENUE"
1,0,1,"eb80b5c9-df1e-eb11-b885-24ee9a37d45c","Sunset School of Cultural Learning - K939 - K746 - 20K939 - 270 59th Street","e980b5c9-df1e-eb11-b885-24ee9a37d45c",-74020748,40642914,"P.S. @ 270 59TH STREET- BROOKLYN","270 59th Street"
1,0,1,"3b2682ef-ebf6-ea11-b883-24ee9a37d459","P.S. 723 - X723 - X099 - 75X723 - 1180 REV. J.A. POLITE AVE.","4a474313-33f4-ea11-b882-24ee9a37d45c",-73896925,40827539,"REV. J.A. POLITE AVE SCHOOL CAMPUS - BRONX","1180 REV. J.A. POLITE AVE."
1,0,1,"e7f22ce2-31f4-ea11-b882-24ee9a37d45c","I.S. 5 - The Walter Crowley Intermediate School - Q005 - Q005 - 24Q005 - 50-40 JACOBUS STREET","9adc32dc-31f4-ea11-b882-24ee9a37d45c",-73888133,40737405,"I.S. 5 - QUEENS","50-40 JACOBUS STREET"
1,0,1,"f38ac007-ebf6-ea11-b883-24ee9a37d459","P.S. X176 - X176 - X455 - 75X176 - 750 BAYCHESTER AVENUE","8253dd74-33f4-ea11-b882-24ee9a37d45c",-73831669,40874035,"HARRY S. TRUMAN HS - X","750 BAYCHESTER AVENUE"
1,0,1,"c3e0838c-31f4-ea11-b882-24ee9a37d45c","P.S./I.S. 217 Roosevelt Island - M217 - M271 - 02M217 - 645 MAIN STREET","b8e0838c-31f4-ea11-b882-24ee9a37d45c",-73956435,40753598,"P.S./I.S. 217 - MANHATTAN","645 MAIN STREET"
1,0,1,"6ce2635c-32f4-ea11-b882-24ee9a37d45c","Bayside High School - Q495 - Q405 - 26Q495 - 32-24 CORPORAL KENNEDY STREET","6be2635c-32f4-ea11-b882-24ee9a37d45c",-73781041,40771398,"BAYSIDE HS - Q","32-24 CORPORAL KENNEDY STREET"
1,0,1,"2a8dbfcf-30f4-ea11-b882-24ee9a37d45c","P.S. 109 - K109 - K395 - 22K109 - 1001 EAST  45 STREET","2fe2abc9-30f4-ea11-b882-24ee9a37d45c",-73933099,40635842,"P.S./I.S. 395 - BROOKLYN","1001 EAST  45 STREET"
1,1,0,"e68a0044-33f4-ea11-b882-24ee9a37d45c","I.S. 181 Pablo Casals - X181 - X181 - 11X181 - 800 BAYCHESTER AVENUE","e78a0044-33f4-ea11-b882-24ee9a37d45c",-73831669,40874035,"I.S. 181 - BRONX","800 BAYCHESTER AVENUE"
4,3,1,"c0e0838c-31f4-ea11-b882-24ee9a37d45c","East Side Elementary School, PS 267 - M267 - M267 - 02M267 - 213 EAST 63RD STREET","c1e0838c-31f4-ea11-b882-24ee9a37d45c",-73963861,40763883,"P.S. 59 - (MEETH) -MANHATTAN","213 EAST 63RD STREET"
3,1,2,"fc454b50-32f4-ea11-b882-24ee9a37d45c","College Point Collaborative - Q379 - Q336 - 25Q379 - 12406 14TH AVENUE","fd454b50-32f4-ea11-b882-24ee9a37d45c",-73843504,40785129,"The College Point Collaborative Educational Buildi","12406 14TH AVENUE"
1,1,0,"a52aa42b-33f4-ea11-b882-24ee9a37d45c","Riverdale / Kingsbridge Academy (Middle School / High School 141) - X141 - X141 - 10X141 - 660 West 237 Street","a62aa42b-33f4-ea11-b882-24ee9a37d45c",-73914141,40887407,"M.S./H.S. 141 - BRONX","660 West 237 Street"
1,0,1,"cd315367-30f4-ea11-b882-24ee9a37d45c","P.S. 127 Mckinley Park - K127 - K127 - 20K127 - 7805 7 Avenue","ce315367-30f4-ea11-b882-24ee9a37d45c",-74018429,40623687,"P.S. 127 - BROOKLYN","7805 7 Avenue"
1,1,0,"11af1f69-ebf6-ea11-b883-24ee9a37d459","District 2 Pre-K Center - M391 - M471 - 02M391 - 355 EAST 76 STREET","3fa6ba98-31f4-ea11-b882-24ee9a37d45c",-73954803,40770929,"PRE-K CENTER @ 355 EAST 76 STREET - MANHATTAN","355 EAST 76 STREET"
1,1,0,"f6d10307-33f4-ea11-b882-24ee9a37d45c","P.S. 072 Dr. William Dorney - X072 - X072 - 08X072 - 2951 DEWEY AVENUE","f4d10307-33f4-ea11-b882-24ee9a37d45c",-73818172,40823237,"P.S. 72 - BRONX","2951 DEWEY AVENUE"
2,2,0,"1eb4977a-32f4-ea11-b882-24ee9a37d45c","Townsend Harris High School - Q525 - Q515 - 25Q525 - 149-11 MELBOURNE AVENUE","1db4977a-32f4-ea11-b882-24ee9a37d45c",-73821532,40737038,"TOWNSEND HARRIS HS - Q","149-11 MELBOURNE AVENUE"
2,2,0,"eace496e-31f4-ea11-b882-24ee9a37d45c","P.S. 124 Yung Wing - M124 - M124 - 02M124 - 40 DIVISION STREET","e8ce496e-31f4-ea11-b882-24ee9a37d45c",-73996017,40715097,"P.S. 124 (ECF) - MANHATTAN","40 DIVISION STREET"
1,1,0,"ebc88e4f-31f4-ea11-b882-24ee9a37d45c","Harold O. Levy School - M052 - M052 - 06M052 - 650 ACADEMY STREET","e6c88e4f-31f4-ea11-b882-24ee9a37d45c",-73925464,40865556,"I.S. 52 - MANHATTAN","650 ACADEMY STREET"
2,1,1,"d60d3c5b-30f4-ea11-b882-24ee9a37d45c","P.S. 101 The Verrazano - K101 - K101 - 21K101 - 8696 24 Avenue","d70d3c5b-30f4-ea11-b882-24ee9a37d45c",-73991962,40597379,"P.S. 101 - BROOKLYN","8696 24 Avenue"
1,1,0,"d3ba3c50-33f4-ea11-b882-24ee9a37d45c","P.S. 306 - X306 - X306 - 10X306 - 40 WEST TREMONT AVENUE","c0ba3c50-33f4-ea11-b882-24ee9a37d45c",-73910827,40850722,"P.S. 306 - BRONX","40 WEST TREMONT AVENUE"
3,3,0,"141bad3c-30f4-ea11-b882-24ee9a37d45c","I.S. 98 Bay Academy - K098 - K043 - 21K098 - 1401 EMMONS AVENUE","151bad3c-30f4-ea11-b882-24ee9a37d45c",-73954047,40583893,"I.S. 98 - BROOKLYN","1401 EMMONS AVENUE"
1,1,0,"6ba5db98-30f4-ea11-b882-24ee9a37d45c","Mark Twain I.S. 239 for the Gifted & Talented - K239 - K239 - 21K239 - 2401 NEPTUNE AVENUE","6ca5db98-30f4-ea11-b882-24ee9a37d45c",-73992447,40578640,"I.S. 239 - BROOKLYN","2401 NEPTUNE AVENUE"
1,0,1,"068b0044-33f4-ea11-b882-24ee9a37d45c","Bronx Delta School - X392 - X192 - 08X392 - 650 HOLLYWOOD AVENUE","078b0044-33f4-ea11-b882-24ee9a37d45c",-73818083,40826794,"I.S. 192 - BRONX","650 HOLLYWOOD AVENUE"
1,0,1,"28474313-33f4-ea11-b882-24ee9a37d45c","P.S. 091 Bronx - X091 - X091 - 10X091 - 2200 AQUEDUCT AVENUE","29474313-33f4-ea11-b882-24ee9a37d45c",-73907494,40858286,"P.S. 91 - BRONX","2200 AQUEDUCT AVENUE"
2,0,2,"2aeabc42-30f4-ea11-b882-24ee9a37d45c","P.S. 052 Sheepshead Bay - K052 - K052 - 22K052 - 2675 EAST  29 STREET","26eabc42-30f4-ea11-b882-24ee9a37d45c",-73940135,40588372,"P.S. 52 - BROOKLYN","2675 EAST  29 STREET"
1,0,1,"fdb6c337-32f4-ea11-b882-24ee9a37d45c","P.S. 214 Cadwallader Colden - Q214 - Q214 - 25Q214 - 31-15 140 STREET","feb6c337-32f4-ea11-b882-24ee9a37d45c",-73827606,40770215,"P.S. 214 - QUEENS","31-15 140 STREET"
1,1,0,"9d886843-31f4-ea11-b882-24ee9a37d45c","P.S. 011 William T. Harris - M011 - M011 - 02M011 - 320 WEST  21 STREET","9e886843-31f4-ea11-b882-24ee9a37d45c",-74000743,40744186,"P.S. 11 - MANHATTAN","320 WEST  21 STREET"
4,3,1,"d2b66262-32f4-ea11-b882-24ee9a37d45c","Forest Hills High School - Q440 - Q440 - 28Q440 - 67-01 110 STREET","d3b66262-32f4-ea11-b882-24ee9a37d45c",-73843972,40730017,"FOREST HILLS HS - Q","67-01 110 STREET"
2,0,2,"1ceabc42-30f4-ea11-b882-24ee9a37d45c","Lyons Community School - K586 - K049 - 14K586 - 223 GRAHAM AVENUE","14eabc42-30f4-ea11-b882-24ee9a37d45c",-73944463,40709765,"I.S. 49 - BROOKLYN","223 GRAHAM AVENUE"
4,3,1,"1e06003e-32f4-ea11-b882-24ee9a37d45c","East-West School of International Studies - Q281 - Q237 - 25Q281 - 46-21 COLDEN STREET","1b06003e-32f4-ea11-b882-24ee9a37d45c",-73821402,40749430,"J.H.S. 237 - QUEENS","46-21 COLDEN STREET"
1,1,0,"f59b4c1f-32f4-ea11-b882-24ee9a37d45c","P.S. 159 - Q159 - Q159 - 26Q159 - 205-01 33 AVENUE","f69b4c1f-32f4-ea11-b882-24ee9a37d45c",-73783973,40770108,"P.S. 159 - QUEENS","205-01 33 AVENUE"
1,1,0,"b5b36d80-30f4-ea11-b882-24ee9a37d45c","P.S. 179 Kensington - K179 - K179 - 20K179 - 202 AVENUE C","13d1de79-30f4-ea11-b882-24ee9a37d45c",-73977260,40640127,"P.S. 179 - BROOKLYN","202 AVENUE C"
2,0,2,"3ae61462-31f4-ea11-b882-24ee9a37d45c","St. HOPE Leadership Academy Charter School - M388 - M092 - 84M388 - 222 WEST 134 STREET","36e61462-31f4-ea11-b882-24ee9a37d45c",-73945838,40814917,"P.S. 92 - MANHATTAN","222 WEST 134 STREET"
2,2,0,"4c5b4cd6-32f4-ea11-b882-24ee9a37d45c","Staten Island Technical High School - R605 - R440 - 31R605 - 485 CLAWSON STREET","4b5b4cd6-32f4-ea11-b882-24ee9a37d45c",-74117086,40568299,"STATEN ISLAND TECHNICAL HS - S.I.","485 CLAWSON STREET"
3,3,0,"52507380-31f4-ea11-b882-24ee9a37d45c","P.S. 183 Robert L. Stevenson - M183 - M183 - 02M183 - 419 East  66 Street","53507380-31f4-ea11-b882-24ee9a37d45c",-73957731,40763804,"P.S. 183 - MANHATTAN","419 East  66 Street"
1,0,1,"6034aa92-31f4-ea11-b882-24ee9a37d45c","P.S. 138 - M138 - M380 - 75M138 - 508 WEST 153RD STREET","6134aa92-31f4-ea11-b882-24ee9a37d45c",-73944846,40830415,"P.S. 380- MANHATTAN","508 WEST 153RD STREET"
1,0,1,"898946f4-31f4-ea11-b882-24ee9a37d45c","I.S. 059 Springfield Gardens - Q059 - Q059 - 29Q059 - 132-55 RIDGEDALE STREET","878946f4-31f4-ea11-b882-24ee9a37d45c",-73752772,40681881,"I.S. 59 - QUEENS","132-55 RIDGEDALE STREET"
2,0,2,"51953aac-ebf6-ea11-b883-24ee9a37d459","The Riverview School - Q277 - Q404 - 75Q277 - 1-50 51ST AVENUE","65e2635c-32f4-ea11-b882-24ee9a37d45c",-73959183,40742964,"HUNTERS POINT CAMPUS - QUEENS","1-50 51ST AVENUE"
1,0,1,"68f4a0ef-eaf6-ea11-b883-24ee9a37d459","P.S. K811 Connie Lekas School - K811 - K286 - 75K811 - 2525 HARING STREET","6e283fb1-30f4-ea11-b882-24ee9a37d45c",-73938610,40591132,"P.S. 811 (OLD P286) - BROOKLYN","2525 HARING STREET"
2,2,0,"9d69c231-32f4-ea11-b882-24ee9a37d45c","P.S. 203 Oakland Gardens - Q203 - Q203 - 26Q203 - 53-11 SPRINGFIELD BOULEVARD","9e69c231-32f4-ea11-b882-24ee9a37d45c",-73759822,40753606,"P.S. 203 - QUEENS","53-11 SPRINGFIELD BOULEVARD"
2,1,1,"db11f898-32f4-ea11-b882-24ee9a37d45c","Robert F. Wagner, Jr. Secondary School for Arts and Technology - Q560 - Q891 - 24Q560 - 47-07 30th Place","d911f898-32f4-ea11-b882-24ee9a37d45c",-73936442,40742217,"R. F. WAGNER SEC SCL ARTS & TECH-Q","47-07 30th Place"
1,1,0,"8fa9d9c3-32f4-ea11-b882-24ee9a37d45c","P.S. 036 J. C. Drumgoole - R036 - R036 - 31R036 - 255 IONIA AVENUE","8ba9d9c3-32f4-ea11-b882-24ee9a37d45c",-74182548,40543433,"P.S. 36 - STATEN ISLAND","255 IONIA AVENUE"
1,0,1,"94283fb1-30f4-ea11-b882-24ee9a37d45c","Digital Arts and Cinema Technology High School - K429 - K293 - 15K429 - 284 BALTIC STREET","91283fb1-30f4-ea11-b882-24ee9a37d45c",-73993293,40685006,"J.H.S. 293 - BROOKLYN","284 BALTIC STREET"
2,2,0,"8ba87f90-5a04-ec11-b8b4-24ee9a37d45c","Hunters Point Elementary School - Q384 - Q375 - 30Q384 - 1-35 57 Avenue","8ca87f90-5a04-ec11-b8b4-24ee9a37d45c",-73960836,40738864,"Hunters Point","1-35 57 Avenue"
2,1,1,"5b5b4cd6-32f4-ea11-b882-24ee9a37d45c","Curtis High School - R450 - R450 - 31R450 - 105 HAMILTON AVENUE","5a5b4cd6-32f4-ea11-b882-24ee9a37d45c",-74082149,40645436,"CURTIS HS - S. I.","105 HAMILTON AVENUE"
1,0,1,"b3315367-30f4-ea11-b882-24ee9a37d45c","P.S. 119 Amersfort - K119 - K119 - 22K119 - 3829 AVENUE K","b4315367-30f4-ea11-b882-24ee9a37d45c",-73938733,40626038,"P.S. 119 - BROOKLYN","3829 AVENUE K"
1,1,0,"d9968d36-30f4-ea11-b882-24ee9a37d45c","P.S. 020 Clinton Hill - K020 - K020 - 13K020 - 225 ADELPHI STREET","d1968d36-30f4-ea11-b882-24ee9a37d45c",-73970896,40690742,"P.S. 20 - BROOKLYN","225 ADELPHI STREET"
3,3,0,"96d91731-31f4-ea11-b882-24ee9a37d45c","Brooklyn Urban Garden Charter School - K758 - KBNU - 84K758 - 500 19 Street","97d91731-31f4-ea11-b882-24ee9a37d45c",-73982624,40656202,"STANLEY LAMM INSTITUE PRE-SCHOOL OF LONGISLAND HO","500 19 Street"
1,1,0,"307c21b7-32f4-ea11-b882-24ee9a37d45c","I.S. R002 George L. Egbert - R002 - R002 - 31R002 - 333 Midland Avenue","2b7c21b7-32f4-ea11-b882-24ee9a37d45c",-74099685,40576728,"I.S. 2 - STATEN ISLAND","333 Midland Avenue"
2,2,0,"e68521d0-32f4-ea11-b882-24ee9a37d45c","I.S. 075 Frank D. Paulo - R075 - R075 - 31R075 - 455 HUGUENOT AVENUE","e28521d0-32f4-ea11-b882-24ee9a37d45c",-74197033,40544535,"I.S. 75 - STATEN ISLAND","455 HUGUENOT AVENUE"
2,2,0,"862aa42b-33f4-ea11-b882-24ee9a37d45c","Bronx Park Middle School - X556 - X135 - 11X556 - 2441 WALLACE AVENUE","d4689025-33f4-ea11-b882-24ee9a37d45c",-73865028,40862098,"I.S. 135 - BRONX","2441 WALLACE AVENUE"
2,2,0,"45e61462-31f4-ea11-b882-24ee9a37d45c","Bard High School Early College - M696 - M097 - 01M696 - 525 EAST HOUSTON STREET","46e61462-31f4-ea11-b882-24ee9a37d45c",-73976093,40718276,"BARD COLLEGE HS (OLD M097) - M","525 EAST HOUSTON STREET"
1,1,0,"bae0838c-31f4-ea11-b882-24ee9a37d45c","P.S. 234 Independence School - M234 - M234 - 02M234 - 292 GREENWICH STREET","bbe0838c-31f4-ea11-b882-24ee9a37d45c",-74010880,40719530,"P.S. 234 - MANHATTAN","292 GREENWICH STREET"
1,0,1,"690067b2-ebf6-ea11-b883-24ee9a37d459","P.S. Q993 - Q993 - Q452 - 75Q993 - 14-30 BROADWAY","81476368-32f4-ea11-b882-24ee9a37d45c",-73933907,40765881,"LONG ISLAND CITY HS(NEW)-Q","14-30 BROADWAY"
1,0,1,"bf8fd48d-ebf6-ea11-b883-24ee9a37d459","P.S. Q993 - Q993 - Q072 - 75Q993 - 133-25 GUY R BREWER BOULEVARD","852f77fa-31f4-ea11-b882-24ee9a37d45c",-73775643,40675014,"J.H.S. 72 - QUEENS","133-25 GUY R BREWER BOULEVARD"
1,1,0,"fa968d36-30f4-ea11-b882-24ee9a37d45c","Red Hook Neighborhood School - K676 - K027 - 15K676 - 27 HUNTINGTON STREET","f8968d36-30f4-ea11-b882-24ee9a37d45c",-74005151,40677914,"P.S. 27 - BROOKLYN","27 HUNTINGTON STREET"
1,1,0,"8711b2e2-32f4-ea11-b882-24ee9a37d45c","P.S. 042 Eltingville - R042 - R848 - 31R042 - 25 AUGUSTA AVENUE","8811b2e2-32f4-ea11-b882-24ee9a37d45c",-74169038,40552213,"P.S. 42 ANNEX - STATEN ISLAND","25 AUGUSTA AVENUE"
1,0,1,"1630f69f-ebf6-ea11-b883-24ee9a37d459","P.S. 009 - Q009 - Q209 - 75Q009 - 16-10 Utopia Parkway","b569c231-32f4-ea11-b882-24ee9a37d45c",-73795845,40783777,"P.S. 209 - QUEENS","16-10 Utopia Parkway"
1,0,1,"d7b66262-32f4-ea11-b882-24ee9a37d45c","William Cullen Bryant High School - Q445 - Q445 - 30Q445 - 48-10 31 AVENUE","d8b66262-32f4-ea11-b882-24ee9a37d45c",-73911165,40757072,"WILLIAM C. BRYANT HS - Q","48-10 31 AVENUE"
1,1,0,"100410ca-32f4-ea11-b882-24ee9a37d45c","P.S. 042 Eltingville - R042 - R042 - 31R042 - 380 GENESEE AVENUE","110410ca-32f4-ea11-b882-24ee9a37d45c",-74169038,40552213,"P.S. 42 - STATEN ISLAND","380 GENESEE AVENUE"
1,0,1,"d9883319-32f4-ea11-b882-24ee9a37d45c","P.S. 143 Louis Armstrong - Q143 - Q143 - 24Q143 - 34-74 113 Street","d7883319-32f4-ea11-b882-24ee9a37d45c",-73855715,40755393,"P.S. 143 - QUEENS","34-74 113 Street"
1,1,0,"1b0410ca-32f4-ea11-b882-24ee9a37d45c","P.S. 044 Thomas C. Brown - R044 - R044 - 31R044 - 80 MAPLE PARKWAY","1c0410ca-32f4-ea11-b882-24ee9a37d45c",-74157303,40631689,"P.S. 44 - STATEN ISLAND","80 MAPLE PARKWAY"
1,0,1,"130410ca-32f4-ea11-b882-24ee9a37d45c","CSI High School for International Studies - R047 - R043 - 31R047 - 100 ESSEX DRIVE","a0a9d9c3-32f4-ea11-b882-24ee9a37d45c",-74159343,40581958,"JEROME PARKER CAMPUS - S.I.","100 ESSEX DRIVE"
1,1,0,"29a198c3-30f4-ea11-b882-24ee9a37d45c","P.S. 889 - K889 - K338 - 22K889 - 21 HINCKLEY PLACE","27a198c3-30f4-ea11-b882-24ee9a37d45c",-73971010,40644861,"P.S. 338 - Brooklyn","21 HINCKLEY PLACE"
2,1,1,"e9e0a4fb-ebf6-ea11-b883-24ee9a37d459","P.S. X721 - Stephen McSweeney School - X721 - X368 - 75X721 - 2975 TIBBETT AVENUE","74e03d56-33f4-ea11-b882-24ee9a37d45c",-73913694,40877935,"M.S./H.S. 368 - BRONX","2975 TIBBETT AVENUE"
2,1,1,"0aba8b86-30f4-ea11-b882-24ee9a37d45c","P.S. 203 Floyd Bennett School - K203 - K203 - 22K203 - 5101 AVENUE M","0bba8b86-30f4-ea11-b882-24ee9a37d45c",-73925732,40622108,"P.S. 203 - BROOKLYN","5101 AVENUE M"
3,3,0,"02ba8b86-30f4-ea11-b882-24ee9a37d45c","J.H.S. 201 The Dyker Heights - K201 - K201 - 20K201 - 8010 12 AVENUE","03ba8b86-30f4-ea11-b882-24ee9a37d45c",-74013749,40619043,"I.S. 201 - BROOKLYN","8010 12 AVENUE"
1,0,1,"2c5d0a12-4afb-ea11-b883-24ee9a37d459","OUR CHILDREN'S CENTER - KBOA - KBOA -  - 300 JAY STREET","2d5d0a12-4afb-ea11-b883-24ee9a37d459",-73987883,40695516,"OUR CHILDREN'S CENTER","300 JAY STREET"
2,2,0,"56de5eb7-30f4-ea11-b882-24ee9a37d45c","Academy of Arts and Letters - K492 - K305 - 13K492 - 344 MONROE STREET","57de5eb7-30f4-ea11-b882-24ee9a37d45c",-73945730,40685653,"P.S. 305 - BROOKLYN","344 MONROE STREET"
1,1,0,"d9fab455-31f4-ea11-b882-24ee9a37d45c","Earth School - M364 - M064 - 01M364 - 600 EAST  6 STREET","d3fab455-31f4-ea11-b882-24ee9a37d45c",-73981597,40723130,"P.S. 64 (OLD 71) - MANHATTAN","600 EAST  6 STREET"
1,1,0,"a183ff9e-30f4-ea11-b882-24ee9a37d45c","P.S. 253 - K253 - K253 - 21K253 - 601 OCEANVIEW AVENUE","a283ff9e-30f4-ea11-b882-24ee9a37d45c",-73961962,40580237,"P.S. 253 - BROOKLYN","601 OCEANVIEW AVENUE"
1,0,1,"6c2f77fa-31f4-ea11-b882-24ee9a37d45c","P.S. 064 Joseph P. Addabbo - Q064 - Q064 - 27Q064 - 82-01 101 AVENUE","6d2f77fa-31f4-ea11-b882-24ee9a37d45c",-73856956,40681901,"P.S. 64 - QUEENS","82-01 101 AVENUE"
3,0,3,"5ca5db98-30f4-ea11-b882-24ee9a37d45c","P.S. 236 Mill Basin - K236 - K236 - 22K236 - 6302 AVENUE U","5ba5db98-30f4-ea11-b882-24ee9a37d45c",-73912005,40615494,"P.S. 236 - BROOKLYN","6302 AVENUE U"
1,0,1,"1323f4ed-49fb-ea11-b883-24ee9a37d459","Weeksville Pre-K - KCHP - KCHP -  - 1640 Pacific","1423f4ed-49fb-ea11-b883-24ee9a37d459",0,0,"Weeksville Pre-K","1640 Pacific"
2,2,0,"16ba8b86-30f4-ea11-b882-24ee9a37d45c","P.S. 207 Elizabeth G. Leary - K207 - K207 - 22K207 - 4011 FILLMORE AVENUE","17ba8b86-30f4-ea11-b882-24ee9a37d45c",-73930485,40613981,"P.S. 207 - BROOKLYN","4011 FILLMORE AVENUE"
1,1,0,"492b3eee-30f4-ea11-b882-24ee9a37d45c","High School of Telecommunication Arts and Technology - K485 - K485 - 20K485 - 350 67 STREET","bf9c11e8-30f4-ea11-b882-24ee9a37d45c",-74023419,40636721,"TELECOM. ARTS & TECH. - K","350 67 STREET"
3,2,1,"18eabc42-30f4-ea11-b882-24ee9a37d45c","Brooklyn Latin School, The - K449 - K049 - 14K449 - 223 GRAHAM AVENUE","14eabc42-30f4-ea11-b882-24ee9a37d45c",-73944463,40709765,"I.S. 49 - BROOKLYN","223 GRAHAM AVENUE"
1,1,0,"237eed06-32f4-ea11-b882-24ee9a37d45c","I.S. 093 Ridgewood - Q093 - Q093 - 24Q093 - 66-56 FOREST AVENUE","0f7eed06-32f4-ea11-b882-24ee9a37d45c",-73903057,40705609,"I.S. 93 - QUEENS","66-56 FOREST AVENUE"
6,3,3,"f08a0044-33f4-ea11-b882-24ee9a37d45c","P.S. 182 - X182 - X182 - 08X182 - 601 STICKBALL BOULEVARD","f18a0044-33f4-ea11-b882-24ee9a37d45c",-73856976,40818925,"P.S. 182 - BRONX","601 STICKBALL BOULEVARD"
2,2,0,"dc8521d0-32f4-ea11-b882-24ee9a37d45c","P.S. 069 Daniel D. Tompkins - R069 - R069 - 31R069 - 144 KEATING PLACE","dd8521d0-32f4-ea11-b882-24ee9a37d45c",-74157327,40591480,"P.S. 69 - STATEN ISLAND","144 KEATING PLACE"
8,5,3,"1c06003e-32f4-ea11-b882-24ee9a37d45c","I.S. 237 - Q237 - Q237 - 25Q237 - 46-21 COLDEN STREET","1b06003e-32f4-ea11-b882-24ee9a37d45c",-73821402,40749430,"J.H.S. 237 - QUEENS","46-21 COLDEN STREET"
3,3,0,"9ae657bd-30f4-ea11-b882-24ee9a37d45c","P.S. 133 William A. Butler - K133 - K317 - 13K133 - 610 BALTIC STREET","99e657bd-30f4-ea11-b882-24ee9a37d45c",-73980455,40679916,"P.S. 133 WILLIAM A. BUTLER - BROOKLYN","610 BALTIC STREET"
1,1,0,"23005d7a-31f4-ea11-b882-24ee9a37d45c","P.S. 161 Pedro Albizu Campos - M161 - M161 - 05M161 - 499 WEST 133 STREET","22005d7a-31f4-ea11-b882-24ee9a37d45c",-73952476,40817719,"P.S. 161 - MANHATTAN","499 WEST 133 STREET"
1,0,1,"f6d0de79-30f4-ea11-b882-24ee9a37d45c","I.S. 171 Abraham Lincoln - K171 - K171 - 19K171 - 528 RIDGEWOOD AVENUE","53ebaa73-30f4-ea11-b882-24ee9a37d45c",-73869434,40685852,"I.S. 171 - BROOKLYN","528 RIDGEWOOD AVENUE"
3,3,0,"29b7c337-32f4-ea11-b882-24ee9a37d45c","I.S. 227 Louis Armstrong - Q227 - Q227 - 30Q227 - 32-02 JUNCTION BOULEVARD","27b7c337-32f4-ea11-b882-24ee9a37d45c",-73874614,40757567,"I.S. 227 - QUEENS","32-02 JUNCTION BOULEVARD"
1,1,0,"cbe8ce00-32f4-ea11-b882-24ee9a37d45c","I.S. 73 - The Frank Sansivieri Intermediate School - Q073 - Q073 - 24Q073 - 70-02 54 AVENUE","cce8ce00-32f4-ea11-b882-24ee9a37d45c",-73893318,40728558,"I.S. 73 - QUEENS","70-02 54 AVENUE"
1,0,1,"7e07e99e-31f4-ea11-b882-24ee9a37d45c","The Maxine Greene HS for Imaginative Inquiry - M299 - M490 - 03M299 - 122 AMSTERDAM AVENUE","7c07e99e-31f4-ea11-b882-24ee9a37d45c",-73985608,40774891,"MARTIN LUTHER KING, JR. HS - M","122 AMSTERDAM AVENUE"
2,0,2,"2806003e-32f4-ea11-b882-24ee9a37d45c","P.S. 239 - Q239 - Q239 - 24Q239 - 17-15 WEIRFIELD STREET","2606003e-32f4-ea11-b882-24ee9a37d45c",-73903838,40699431,"P.S. 239 - QUEENS","17-15 WEIRFIELD STREET"
2,2,0,"14e85c61-30f4-ea11-b882-24ee9a37d45c","P.S. 110 The Monitor - K110 - K110 - 14K110 - 124 MONITOR STREET","e50d3c5b-30f4-ea11-b882-24ee9a37d45c",-73941926,40723743,"P.S. 110 - BROOKLYN","124 MONITOR STREET"
1,0,1,"cc8442ee-31f4-ea11-b882-24ee9a37d45c","P.S. 033 Edward M. Funk - Q033 - Q033 - 29Q033 - 91-37 222 STREET","cd8442ee-31f4-ea11-b882-24ee9a37d45c",-73734102,40727172,"P.S. 33 - QUEENS","91-37 222 STREET"
1,1,0,"0018b7f4-32f4-ea11-b882-24ee9a37d45c","American Dream Charter School - X471 - X030 - 84X471 - 510 EAST 141 STREET","0118b7f4-32f4-ea11-b882-24ee9a37d45c",-73917417,40809023,"P.S. 30 - BRONX","510 EAST 141 STREET"
2,2,0,"1c005d7a-31f4-ea11-b882-24ee9a37d45c","Yorkville East Middle School - M177 - M158 - 02M177 - 1458 YORK AVENUE","1d005d7a-31f4-ea11-b882-24ee9a37d45c",-73950745,40770215,"P.S. 158 - MANHATTAN","1458 YORK AVENUE"
1,0,1,"172ed53d-33f4-ea11-b882-24ee9a37d45c","P.S. 214 - X214 - X167 - 12X214 - 1970 WEST FARMS ROAD","152ed53d-33f4-ea11-b882-24ee9a37d45c",-73879931,40839297,"P.S. 214 - BRONX","1970 WEST FARMS ROAD"
2,1,1,"722f77fa-31f4-ea11-b882-24ee9a37d45c","J.H.S. 067 Louis Pasteur - Q067 - Q067 - 26Q067 - 51-60 MARATHON PARKWAY","732f77fa-31f4-ea11-b882-24ee9a37d45c",-73734832,40762241,"J.H.S. 67 - QUEENS","51-60 MARATHON PARKWAY"
2,0,2,"907e21a6-ebf6-ea11-b883-24ee9a37d459","P.S./I.S. 78Q - Q078 - Q312 - 30Q078 - 46-08 5TH STREET","cf454b50-32f4-ea11-b882-24ee9a37d45c",-73955145,40747077,"P.S./.IS. 78 - QUEENS","46-08 5TH STREET"
1,1,0,"8a41e65b-31f4-ea11-b882-24ee9a37d45c","P.S. 084 Lillian Weber - M084 - M084 - 03M084 - 32 WEST  92 STREET","8b41e65b-31f4-ea11-b882-24ee9a37d45c",-73968419,40789479,"P.S. 84 - MANHATTAN","32 WEST  92 STREET"
1,0,1,"9c28a20c-31f4-ea11-b882-24ee9a37d45c","Khalil Gibran International Academy - K592 - K806 - 15K592 - 362 SCHERMERHORN STREET","9d28a20c-31f4-ea11-b882-24ee9a37d45c",-73979829,40686147,"METROPOLITAN CORPORATE ACAD. - K","362 SCHERMERHORN STREET"
1,1,0,"bebfa431-33f4-ea11-b882-24ee9a37d45c","South Bronx Preparatory: A College Board School - X221 - X149 - 07X221 - 360 EAST 145 STREET","bcbfa431-33f4-ea11-b882-24ee9a37d45c",-73920851,40813612,"J.H.S. 149 - BRONX","360 EAST 145 STREET"
1,0,1,"6941e65b-31f4-ea11-b882-24ee9a37d45c","M.S. 250 West Side Collaborative Middle School - M250 - M075 - 03M250 - 735 WEST END AVENUE","6a41e65b-31f4-ea11-b882-24ee9a37d45c",-73973996,40795109,"P.S. 75 - MANHATTAN","735 WEST END AVENUE"
1,1,0,"88a9d9c3-32f4-ea11-b882-24ee9a37d45c","I.S. 034 Tottenville - R034 - R034 - 31R034 - 528 ACADEMY AVENUE","87a9d9c3-32f4-ea11-b882-24ee9a37d45c",-74243400,40508300,"I.S. 34 (OLD TOTTENVILLE) - S.I","528 ACADEMY AVENUE"
1,1,0,"f3ed94c3-31f4-ea11-b882-24ee9a37d45c","Paula Hedbavny School - M278 - M918 - 06M278 - 421 W 219th St","f4ed94c3-31f4-ea11-b882-24ee9a37d45c",-73912339,40871673,"P.S./IS 278 - MANHATTAN","421 W 219th St"
1,0,1,"db315367-30f4-ea11-b882-24ee9a37d45c","P.S. 132 The Conselyea School - K132 - K132 - 14K132 - 320 MANHATTAN AVENUE","dc315367-30f4-ea11-b882-24ee9a37d45c",-73945663,40714772,"P.S. 132 - BROOKLYN","320 MANHATTAN AVENUE"
1,0,1,"f2ae0313-32f4-ea11-b882-24ee9a37d45c","P.S. 122 Mamie Fay - Q122 - Q122 - 30Q122 - 21-21 DITMARS BOULEVARD","cb2ff20c-32f4-ea11-b882-24ee9a37d45c",-73915785,40780507,"P.S. 122 - QUEENS","21-21 DITMARS BOULEVARD"
1,0,1,"d1689025-33f4-ea11-b882-24ee9a37d45c","P.S. 132 Garret A. Morgan - X132 - X132 - 09X132 - 1245 WASHINGTON AVENUE","d0689025-33f4-ea11-b882-24ee9a37d45c",-73907133,40832175,"P.S. 132 - BRONX","1245 WASHINGTON AVENUE"
11,11,0,"5e34aa92-31f4-ea11-b882-24ee9a37d45c","The Peck Slip School - M343 - M343 - 02M343 - 1 PECK SLIP","e7e0838c-31f4-ea11-b882-24ee9a37d45c",-74002407,40708774,"THE PECK SLIP SCHOOL - MANHATTAN","1 PECK SLIP"
3,3,0,"cdfab455-31f4-ea11-b882-24ee9a37d45c","Neighborhood School - M363 - M063 - 01M363 - 121 EAST  3 STREET","cefab455-31f4-ea11-b882-24ee9a37d45c",-73986214,40724440,"P.S. 63 - MANHATTAN","121 EAST  3 STREET"
1,0,1,"d4fa079f-32f4-ea11-b882-24ee9a37d45c","P.S. 206 The Horace Harding School - Q206 - Q956 - 28Q206 - 61-21 97 PLACE","d5fa079f-32f4-ea11-b882-24ee9a37d45c",-73861004,40734040,"P.S. 206 TRANSPORTABLE - Q","61-21 97 PLACE"
2,1,1,"c50d3c5b-30f4-ea11-b882-24ee9a37d45c","I.S. 096 Seth Low - K096 - K096 - 21K096 - 99 AVENUE P","c10d3c5b-30f4-ea11-b882-24ee9a37d45c",-73984985,40608135,"I.S. 96 - BROOKLYN","99 AVENUE P"
4,3,1,"513cbf01-ebf6-ea11-b883-24ee9a37d459","The Richard H. Hungerford School - R721 - R722 - 75R721 - 155 TOMPKINS AVENUE","66be7adc-32f4-ea11-b882-24ee9a37d45c",-74077054,40620835,"P.S. 722 (OTC) - STATEN ISLAND","155 TOMPKINS AVENUE"
1,0,1,"da2ece86-32f4-ea11-b882-24ee9a37d45c","High School of Applied Communication - Q267 - Q735 - 24Q267 - 30-20 THOMSON AVENUE","db2ece86-32f4-ea11-b882-24ee9a37d45c",-73937004,40744175,"QUEENS HIGH SCHOOL COMPLEX - Q","30-20 THOMSON AVENUE"
3,3,0,"635b4cd6-32f4-ea11-b882-24ee9a37d45c","Tottenville High School - R455 - R455 - 31R455 - 100 LUTEN AVENUE","605b4cd6-32f4-ea11-b882-24ee9a37d45c",-74193431,40528152,"TOTTENVILLE HS - S. I.","100 LUTEN AVENUE"
2,2,0,"df8521d0-32f4-ea11-b882-24ee9a37d45c","P.S. 048 William G. Wilcox - R048 - R071 - 31R048 - 1050 Targee Street","db8521d0-32f4-ea11-b882-24ee9a37d45c",-74091239,40603492,"P.S./I.S. 48 - Staten Island","1050 Targee Street"
2,2,0,"66b50aa5-30f4-ea11-b882-24ee9a37d45c","P.S. 261 Philip Livingston - K261 - K261 - 15K261 - 314 PACIFIC STREET","5fb50aa5-30f4-ea11-b882-24ee9a37d45c",-73988667,40687218,"P.S. 261 - BROOKLYN","314 PACIFIC STREET"
1,0,1,"37a10a44-32f4-ea11-b882-24ee9a37d45c","P.S. Q256 - Q256 - Q253 - 75Q256 - 1307 CENTRAL AVENUE","30a10a44-32f4-ea11-b882-24ee9a37d45c",-73748799,40607247,"P.S. 253 -QUEENS","1307 CENTRAL AVENUE"
1,1,0,"77c280bd-31f4-ea11-b882-24ee9a37d45c","The Clinton School - M260 - M868 - 02M260 - 10 East 15th Street","78c280bd-31f4-ea11-b882-24ee9a37d45c",-73992727,40736526,"THE CLINTON SCHOOL - MANHATTAN","10 East 15th Street"
2,2,0,"bbba3c50-33f4-ea11-b882-24ee9a37d45c","Comprehensive Model School Project M.S. 327 - X327 - X240 - 09X327 - 1501 JEROME AVENUE","baba3c50-33f4-ea11-b882-24ee9a37d45c",-73916084,40842503,"DOE NEW SETTLEMENT COMMUNITY CAMPUS - X","1501 JEROME AVENUE"
1,1,0,"136e3d68-31f4-ea11-b882-24ee9a37d45c","East Side Middle School - M114 - M114 - 02M114 - 331 EAST 91ST STREET","126e3d68-31f4-ea11-b882-24ee9a37d45c",-73947379,40780452,"EAST SIDE MIDDLE SCHOOL - MANHATTAN","331 EAST 91ST STREET"
2,1,1,"8e34aa92-31f4-ea11-b882-24ee9a37d45c","New Design High School - M543 - M445 - 02M543 - 350 GRAND STREET","8834aa92-31f4-ea11-b882-24ee9a37d45c",-73989329,40717329,"SEWARD PARK HS - MANHATTAN","350 GRAND STREET"
1,0,1,"e8b98b86-30f4-ea11-b882-24ee9a37d45c","M.S. 582 - K582 - K196 - 14K582 - 207 BUSHWICK AVENUE","e9b98b86-30f4-ea11-b882-24ee9a37d45c",-73939385,40708804,"P.S. 196 - BROOKLYN","207 BUSHWICK AVENUE"
1,1,0,"cd883319-32f4-ea11-b882-24ee9a37d45c","The Judith S. Kaye School - M310 - Q142 - 04M310 - 142-10 LINDEN BOULEVARD","2eaf0313-32f4-ea11-b882-24ee9a37d45c",-73800875,40683473,"P.S. 752 (OLD J142) - QUEENS","142-10 LINDEN BOULEVARD"
1,0,1,"15a31781-33f4-ea11-b882-24ee9a37d45c","P.S. X188 - X188 - X790 - 75X188 - 730 CONCOURSE VILLAGE WEST","0ea31781-33f4-ea11-b882-24ee9a37d45c",-73922366,40821828,"MOTT HAVEN EDUCATIONAL CAMPUS - BRONX","730 CONCOURSE VILLAGE WEST"
1,1,0,"f6b98b86-30f4-ea11-b882-24ee9a37d45c","P.S. 197 - The Kings Highway Academy - K197 - K197 - 22K197 - 1599 EAST  22 STREET","f7b98b86-30f4-ea11-b882-24ee9a37d45c",-73951398,40612339,"P.S. 197 - BROOKLYN","1599 EAST  22 STREET"
1,1,0,"07fc3df4-30f4-ea11-b882-24ee9a37d45c","John Dewey High School - K540 - K540 - 21K540 - 50 AVENUE X","05fc3df4-30f4-ea11-b882-24ee9a37d45c",-73981925,40588070,"JOHN DEWEY HS - K","50 AVENUE X"
4,4,0,"0ba198c3-30f4-ea11-b882-24ee9a37d45c","Hyde Leadership Charter School- Brooklyn - K769 - K328 - 84K769 - 330 ALABAMA AVENUE","0ca198c3-30f4-ea11-b882-24ee9a37d45c",-73898249,40667985,"P.S. 328 - BROOKLYN","330 ALABAMA AVENUE"
2,0,2,"81886843-31f4-ea11-b882-24ee9a37d45c","P.S. 003 Charrette School - M003 - M003 - 02M003 - 490 HUDSON STREET","82886843-31f4-ea11-b882-24ee9a37d45c",-74005949,40732603,"P.S. 3 - MANHATTAN","490 HUDSON STREET"
1,1,0,"acbfa431-33f4-ea11-b882-24ee9a37d45c","I.S. 339 - X339 - X147 - 09X339 - 1600 WEBSTER AVENUE","a9bfa431-33f4-ea11-b882-24ee9a37d45c",-73904353,40840536,"I.S. 339 (OLD 147) - BRONX","1600 WEBSTER AVENUE"
1,1,0,"a672c880-32f4-ea11-b882-24ee9a37d45c","Queens Metropolitan High School - Q686 - Q686 - 28Q686 - 91-30 METROPOLITAN AVENUE","a372c880-32f4-ea11-b882-24ee9a37d45c",-73855543,40708431,"METROPOLITAN AVENUE CAMPUS - QUEENS","91-30 METROPOLITAN AVENUE"
1,1,0,"e7883319-32f4-ea11-b882-24ee9a37d45c","P.S. 146 Howard Beach - Q146 - Q146 - 27Q146 - 98-01 159 AVENUE","e8883319-32f4-ea11-b882-24ee9a37d45c",-73834896,40660531,"P.S. 146 - QUEENS","98-01 159 AVENUE"
1,1,0,"8b476368-32f4-ea11-b882-24ee9a37d45c","Newtown High School - Q455 - Q455 - 24Q455 - 48-01 90 STREET","8c476368-32f4-ea11-b882-24ee9a37d45c",-73874129,40740824,"NEWTOWN HS - Q","48-01 90 STREET"
3,0,3,"f0883319-32f4-ea11-b882-24ee9a37d45c","P.S. 148 Queens - Q148 - Q148 - 30Q148 - 89-02 32 AVENUE","ef883319-32f4-ea11-b882-24ee9a37d45c",-73878638,40757629,"P.S. 148 - QUEENS","89-02 32 AVENUE"
2,2,0,"aafc24e8-31f4-ea11-b882-24ee9a37d45c","P.S. 020 John Bowne - Q020 - Q020 - 25Q020 - 142-30 BARCLAY AVENUE","14f32ce2-31f4-ea11-b882-24ee9a37d45c",-73824388,40758347,"P.S. 20 - QUEENS","142-30 BARCLAY AVENUE"
2,2,0,"71c280bd-31f4-ea11-b882-24ee9a37d45c","Eleanor Roosevelt High School - M416 - M855 - 02M416 - 411 EAST 76 STREET","72c280bd-31f4-ea11-b882-24ee9a37d45c",-73953276,40770288,"ELEANOR ROOSEVELT HS - MANHATTAN","411 EAST 76 STREET"
1,1,0,"179ebaee-32f4-ea11-b882-24ee9a37d45c","Milton Fein School - X007 - X007 - 10X007 - 3201 KINGSBRIDGE AVENUE","189ebaee-32f4-ea11-b882-24ee9a37d45c",-73905697,40881562,"P.S. 7 - BRONX","3201 KINGSBRIDGE AVENUE"
1,1,0,"eeb98b86-30f4-ea11-b882-24ee9a37d45c","P.S. 195 Manhattan Beach - K195 - K195 - 22K195 - 131 IRWIN STREET","efb98b86-30f4-ea11-b882-24ee9a37d45c",-73943498,40580161,"P.S. 195 - BROOKLYN","131 IRWIN STREET"
1,1,0,"c7ab074a-33f4-ea11-b882-24ee9a37d45c","P.S. 209 - X209 - X209 - 10X209 - 313 EAST 183RD STREET","c8ab074a-33f4-ea11-b882-24ee9a37d45c",-73897635,40856834,"P.S. 209 - BRONX","313 EAST 183RD STREET"
1,0,1,"ed2d6c32-ebf6-ea11-b883-24ee9a37d459","P.S. K053 - K053 - K384 - 75K053 - 242 COOPER STREET","21e2abc9-30f4-ea11-b882-24ee9a37d45c",-73904695,40689883,"P.S. 384 - BROOKLYN","242 COOPER STREET"
8,8,0,"55a5db98-30f4-ea11-b882-24ee9a37d45c","J.H.S. 234 Arthur W. Cunningham - K234 - K234 - 22K234 - 1875 EAST  17 STREET","56a5db98-30f4-ea11-b882-24ee9a37d45c",-73955217,40604447,"I.S. 234 - BROOKLYN","1875 EAST  17 STREET"
2,2,0,"fbfb3df4-30f4-ea11-b882-24ee9a37d45c","Edward R. Murrow High School - K525 - K525 - 21K525 - 1600 AVENUE L","fafb3df4-30f4-ea11-b882-24ee9a37d45c",-73959141,40619671,"EDWARD R. MURROW HS - K","1600 AVENUE L"
3,3,0,"980e6e25-32f4-ea11-b882-24ee9a37d45c","P.S. 176 Cambria Heights - Q176 - Q176 - 29Q176 - 120-45 235 Street","990e6e25-32f4-ea11-b882-24ee9a37d45c",-73729226,40684987,"P.S. 176 - QUEENS","120-45 235 Street"
1,0,1,"46b4977a-32f4-ea11-b882-24ee9a37d45c","Aviation Career & Technical Education High School - Q610 - Q610 - 24Q610 - 45-30 36 STREET","44b4977a-32f4-ea11-b882-24ee9a37d45c",-73929577,40743309,"AVIATION HS - Q","45-30 36 STREET"
1,1,0,"08cf496e-31f4-ea11-b882-24ee9a37d45c","P.S. 130 Hernando De Soto - M130 - M130 - 02M130 - 143 BAXTER STREET","09cf496e-31f4-ea11-b882-24ee9a37d45c",-73998326,40718660,"P.S. 130 - MANHATTAN","143 BAXTER STREET"
1,0,1,"d82ff20c-32f4-ea11-b882-24ee9a37d45c","P.S./I.S. 119 The Glendale - Q119 - Q119 - 24Q119 - 74-01 78 AVENUE","d92ff20c-32f4-ea11-b882-24ee9a37d45c",-73875073,40705187,"I.S. 119 - QUEENS","74-01 78 AVENUE"
1,0,1,"22a198c3-30f4-ea11-b882-24ee9a37d45c","P.S. 335 Granville T. Woods - K335 - K335 - 16K335 - 130 Rochester Avenue","1ea198c3-30f4-ea11-b882-24ee9a37d45c",-73928673,40674491,"P.S. 335 - BROOKLYN","130 Rochester Avenue"
1,0,1,"542b3eee-30f4-ea11-b882-24ee9a37d45c","Professional Pathways High School - K630 - K495 - 22K630 - 3000 AVENUE X","552b3eee-30f4-ea11-b882-24ee9a37d45c",-73936635,40593157,"Frank J. Macchiarola Educational Complex","3000 AVENUE X"
1,1,0,"8e476368-32f4-ea11-b882-24ee9a37d45c","International High School for Health Sciences - Q236 - Q455 - 24Q236 - 48-01 90 STREET","8c476368-32f4-ea11-b882-24ee9a37d45c",-73874129,40740824,"NEWTOWN HS - Q","48-01 90 STREET"
1,0,1,"db92e6d5-30f4-ea11-b882-24ee9a37d45c","Academy for Young Writers - K404 - K422 - 19K404 - 1065 ELTON STREET","da92e6d5-30f4-ea11-b882-24ee9a37d45c",-73874064,40657266,"SPRING CREEK EDUCATIONAL CAMPUS - BROOKLYN","1065 ELTON STREET"
3,2,1,"dd9b4c1f-32f4-ea11-b882-24ee9a37d45c","P.S. 152 Gwendoline N. Alleyne School - Q152 - Q152 - 30Q152 - 33-52 62 STREET","de9b4c1f-32f4-ea11-b882-24ee9a37d45c",-73900584,40753094,"P.S. 152 - QUEENS","33-52 62 STREET"
1,1,0,"b3fc24e8-31f4-ea11-b882-24ee9a37d45c","P.S. 022 Thomas Jefferson - Q022 - Q022 - 25Q022 - 153-33 SANFORD AVENUE","b1fc24e8-31f4-ea11-b882-24ee9a37d45c",-73811373,40761744,"P.S. 22 - QUEENS","153-33 SANFORD AVENUE"
1,0,1,"397eed06-32f4-ea11-b882-24ee9a37d45c","P.S. 100 Glen Morris - Q100 - Q100 - 27Q100 - 111-11 118 Street","267eed06-32f4-ea11-b882-24ee9a37d45c",-73821545,40679694,"P.S. 100 - QUEENS","111-11 118 Street"
1,1,0,"0a2ed53d-33f4-ea11-b882-24ee9a37d45c","Grant Avenue Elementary School - X449 - X166 - 09X449 - 250 EAST 164 STREET","0b2ed53d-33f4-ea11-b882-24ee9a37d45c",-73917705,40828009,"I.S. 166 - BRONX","250 EAST 164 STREET"
1,1,0,"b68442ee-31f4-ea11-b882-24ee9a37d45c","P.S. 026 Rufus King - Q026 - Q026 - 26Q026 - 195-02 69 AVENUE","c5fc24e8-31f4-ea11-b882-24ee9a37d45c",-73777607,40735935,"P.S. 26 - QUEENS","195-02 69 AVENUE"
1,1,0,"3bebaa73-30f4-ea11-b882-24ee9a37d45c","P.S. 748 Brooklyn School for Global Scholars - K748 - K163 - 20K748 - 1664 BENSON AVENUE","3cebaa73-30f4-ea11-b882-24ee9a37d45c",-74007469,40606739,"P.S. 163 - BROOKLYN","1664 BENSON AVENUE"
1,1,0,"ceb36d80-30f4-ea11-b882-24ee9a37d45c","P.S. 185 Walter Kassenbrock - K185 - K185 - 20K185 - 8601 RIDGE BOULEVARD","cfb36d80-30f4-ea11-b882-24ee9a37d45c",-74033429,40623598,"P.S. 185 - BROOKLYN","8601 RIDGE BOULEVARD"
2,1,1,"d7f57030-30f4-ea11-b882-24ee9a37d45c","Public School 9 The Sarah Smith Garnet School - K009 - K009 - 13K009 - 80 UNDERHILL AVENUE","d8f57030-30f4-ea11-b882-24ee9a37d45c",-73966333,40678554,"P.S. 9 - BROOKLYN","80 UNDERHILL AVENUE"
1,1,0,"99d810ab-31f4-ea11-b882-24ee9a37d45c","Chelsea Career and Technical Education High School - M615 - M615 - 02M615 - 131 AVENUE OF THE AMERICAS","9ad810ab-31f4-ea11-b882-24ee9a37d45c",-74005058,40724630,"CHELSEA VOC HS - MANHATTAN","131 AVENUE OF THE AMERICAS"
1,1,0,"f721d292-30f4-ea11-b882-24ee9a37d45c","P.S. 230 Doris L. Cohen - K230 - K230 - 15K230 - 1 ALBEMARLE ROAD","f321d292-30f4-ea11-b882-24ee9a37d45c",-73980515,40645609,"P.S. 230 - BROOKLYN","1 ALBEMARLE ROAD"
1,1,0,"320b210d-33f4-ea11-b882-24ee9a37d45c","School for Environmental Citizenship - X386 - X079 - 10X386 - 125 EAST 181 STREET","2c0b210d-33f4-ea11-b882-24ee9a37d45c",-73903139,40855337,"P.S. 79 - BRONX","125 EAST 181 STREET"
5,3,2,"0f68ee1e-31f4-ea11-b882-24ee9a37d45c","P.S. 230 Doris L. Cohen - K230 - K908 - 15K230 - 425 Mcdonald Avenue","1068ee1e-31f4-ea11-b882-24ee9a37d45c",-73979161,40643512,"P.S. 230 ANNEX - BROOKLYN","425 Mcdonald Avenue"
5,3,2,"30b4977a-32f4-ea11-b882-24ee9a37d45c","Frank Sinatra School of the Arts High School - Q501 - Q570 - 30Q501 - 35-12 35TH AVENUE","2eb4977a-32f4-ea11-b882-24ee9a37d45c",-73925182,40756099,"FRANK SINATRA HIGH SCHOOL-Q","35-12 35TH AVENUE"
1,1,0,"78977d2b-32f4-ea11-b882-24ee9a37d45c","J.H.S. 190 Russell Sage - Q190 - Q190 - 28Q190 - 68-17 AUSTIN STREET","75977d2b-32f4-ea11-b882-24ee9a37d45c",-73851700,40723478,"J.H.S. 190 - QUEENS","68-17 AUSTIN STREET"
2,2,0,"cee8ce00-32f4-ea11-b882-24ee9a37d45c","J.H.S. 074 Nathaniel Hawthorne - Q074 - Q074 - 26Q074 - 61-15 Oceania Street","cfe8ce00-32f4-ea11-b882-24ee9a37d45c",-73766653,40744743,"I.S. 74 - QUEENS","61-15 Oceania Street"
1,0,1,"f29b4c1f-32f4-ea11-b882-24ee9a37d45c","M.S. 158 Marie Curie - Q158 - Q158 - 26Q158 - 46-35 Oceania Street","f39b4c1f-32f4-ea11-b882-24ee9a37d45c",-73771878,40756562,"J.H.S. 158 - QUEENS","46-35 Oceania Street"
1,1,0,"6c01ce37-33f4-ea11-b882-24ee9a37d45c","P.S. 153 Helen Keller - X153 - X153 - 11X153 - 650 BAYCHESTER AVENUE","6801ce37-33f4-ea11-b882-24ee9a37d45c",-73831669,40874035,"P.S. 153 - BRONX","650 BAYCHESTER AVENUE"
1,1,0,"27005d7a-31f4-ea11-b882-24ee9a37d45c","P.S. 163 Alfred E. Smith - M163 - M163 - 03M163 - 163 West  97 Street","26005d7a-31f4-ea11-b882-24ee9a37d45c",-73968470,40795163,"P.S. 163 - MANHATTAN","163 West  97 Street"
1,0,1,"e23159fa-30f4-ea11-b882-24ee9a37d45c","Medgar Evers College Preparatory School - K590 - K590 - 17K590 - 1186 Carroll Street","e33159fa-30f4-ea11-b882-24ee9a37d45c",-73951823,40666790,"MIDDLE COLLEGE HS - BROOKLYN","1186 Carroll Street"
1,1,0,"05025a42-4afb-ea11-b883-24ee9a37d459","Imagine@ VetsKids - MANG - MASW -  - 423 EAST 23RD STREET","06025a42-4afb-ea11-b883-24ee9a37d459",-73977734,40736478,"Imagine@ VetsKids","423 EAST 23RD STREET"
5,4,1,"c979df48-30f4-ea11-b882-24ee9a37d45c","Achievement First East New York Charter School - K358 - K065 - 84K358 - 158 RICHMOND STREET","ca79df48-30f4-ea11-b882-24ee9a37d45c",-73877256,40683399,"P.S. 65 - BROOKLYN","158 RICHMOND STREET"
1,0,1,"d0315367-30f4-ea11-b882-24ee9a37d45c","P.S. 128 Bensonhurst - K128 - K128 - 21K128 - 2075 84 STREET","d1315367-30f4-ea11-b882-24ee9a37d45c",-73995084,40604980,"P.S. 128 (TANDEM BROOKLYN STUDIO)","2075 84 STREET"
2,2,0,"1e0410ca-32f4-ea11-b882-24ee9a37d45c","P.S. 045 John Tyler - R045 - R045 - 31R045 - 58 LAWRENCE AVENUE","1f0410ca-32f4-ea11-b882-24ee9a37d45c",-74107537,40628419,"P.S. 45 - STATEN ISLAND","58 LAWRENCE AVENUE"
1,0,1,"e2e13320-ebf6-ea11-b883-24ee9a37d459","Sid Miller Academy - K396 - K181 - 75K396 - 1023 NEW YORK AVENUE","bdb36d80-30f4-ea11-b882-24ee9a37d45c",-73945883,40648217,"P.S. 181 - BROOKLYN","1023 NEW YORK AVENUE"
2,0,2,"2e0410ca-32f4-ea11-b882-24ee9a37d45c","I.S. 051 Edwin Markham - R051 - R051 - 31R051 - 80 WILLOWBROOK ROAD","2f0410ca-32f4-ea11-b882-24ee9a37d45c",-74145522,40623077,"I.S. 51 - STATEN ISLAND","80 WILLOWBROOK ROAD"
2,1,1,"43fdc1bd-32f4-ea11-b882-24ee9a37d45c","I.S. 007 Elias Bernstein - R007 - R007 - 31R007 - 1270 Huguenot Avenue","447c21b7-32f4-ea11-b882-24ee9a37d45c",-74186096,40522971,"I.S. 7 - STATEN ISLAND","1270 Huguenot Avenue"
2,0,2,"b9b66262-32f4-ea11-b882-24ee9a37d45c","John Bowne High School - Q425 - Q425 - 25Q425 - 63-25 MAIN STREET","bab66262-32f4-ea11-b882-24ee9a37d45c",-73823841,40737448,"JOHN BOWNE HS - QUEENS","63-25 MAIN STREET"
1,1,0,"810e6e25-32f4-ea11-b882-24ee9a37d45c","BELL Academy - Q294 - Q169 - 25Q294 - 18-25 212 STREET","820e6e25-32f4-ea11-b882-24ee9a37d45c",-73778430,40782331,"P.S. 169 - QUEENS","18-25 212 STREET"
1,0,1,"41767649-31f4-ea11-b882-24ee9a37d45c","P.S. 138 - M138 - M033 - 75M138 - 281 9 AVENUE","42767649-31f4-ea11-b882-24ee9a37d45c",-74000238,40749014,"P.S. 33 - MANHATTAN","281 9 AVENUE"
2,0,2,"0ff32ce2-31f4-ea11-b882-24ee9a37d45c","P.S. 017 Henry David Thoreau - Q017 - Q017 - 30Q017 - 28-37 29 STREET","0af32ce2-31f4-ea11-b882-24ee9a37d45c",-73922544,40768034,"P.S. 17 - QUEENS","28-37 29 STREET"
3,3,0,"d611f898-32f4-ea11-b882-24ee9a37d45c","Renaissance Charter School - Q705 - Q885 - 84Q705 - 35-59 81ST STREET","d511f898-32f4-ea11-b882-24ee9a37d45c",-73884817,40749934,"RENAISSANCE CHARTER SCHOOL - Q","35-59 81ST STREET"
2,2,0,"db2ff20c-32f4-ea11-b882-24ee9a37d45c","P.S. 120 Queens - Q120 - Q120 - 25Q120 - 58-01 136 STREET","dc2ff20c-32f4-ea11-b882-24ee9a37d45c",-73828674,40745215,"P.S. 120 - QUEENS","58-01 136 STREET"
2,2,0,"858d8486-31f4-ea11-b882-24ee9a37d45c","P.S. 199 Jessie Isador Straus - M199 - M199 - 03M199 - 270 WEST  70 STREET","868d8486-31f4-ea11-b882-24ee9a37d45c",-73984423,40777603,"P.S. 199 - MANHATTAN","270 WEST  70 STREET"
2,2,0,"bf315367-30f4-ea11-b882-24ee9a37d45c","P.S. 123 Suydam - K123 - K123 - 32K123 - 100 IRVING AVENUE","bb315367-30f4-ea11-b882-24ee9a37d45c",-73922388,40704076,"P.S. 123 - BROOKLYN","100 IRVING AVENUE"
1,1,0,"ea77bb9f-33f4-ea11-b882-24ee9a37d45c","Bronx Arena High School - X537 - X972 - 08X537 - 1440 Story Avenue","e877bb9f-33f4-ea11-b882-24ee9a37d45c",-73881187,40820486,"SOUNDVIEW EDUCATIONAL CAMPUS - X","1440 Story Avenue"
1,1,0,"c7ba3c50-33f4-ea11-b882-24ee9a37d45c","P.S. 279 Captain Manuel Rivera, Jr. - X279 - X279 - 10X279 - 2100 WALTON AVENUE","c8ba3c50-33f4-ea11-b882-24ee9a37d45c",-73904958,40854666,"P.S. 279 - BRONX","2100 WALTON AVENUE"
5,3,2,"f6f57030-30f4-ea11-b882-24ee9a37d45c","P.S. 015 Patrick F. Daly - K015 - K015 - 15K015 - 71 SULLIVAN STREET","f5f57030-30f4-ea11-b882-24ee9a37d45c",-74011864,40677085,"P.S. 15 - BROOKLYN","71 SULLIVAN STREET"
2,2,0,"8453dd74-33f4-ea11-b882-24ee9a37d45c","Bronx Health Sciences High School - X249 - X455 - 11X249 - 750 BAYCHESTER AVENUE","8253dd74-33f4-ea11-b882-24ee9a37d45c",-73831669,40874035,"HARRY S. TRUMAN HS - X","750 BAYCHESTER AVENUE"
1,1,0,"e4e0838c-31f4-ea11-b882-24ee9a37d45c","Sixth Avenue Elementary School - M340 - M340 - 02M340 - 64 WEST 17 STREET","e3e0838c-31f4-ea11-b882-24ee9a37d45c",-73995534,40739145,"THE SIXTH AVENUE EDUCATIONAL CAMPUS - MANHATTAN","64 WEST 17 STREET"
1,1,0,"dae0838c-31f4-ea11-b882-24ee9a37d45c","M.S. 297 - M297 - M323 - 02M297 - 75 MORTON STREET","d8e0838c-31f4-ea11-b882-24ee9a37d45c",-74007192,40731006,"75 Morton Campus","75 MORTON STREET"
1,1,0,"59be7adc-32f4-ea11-b882-24ee9a37d45c","Susan E. Wagner High School - R460 - R460 - 31R460 - 1200 MANOR ROAD","5abe7adc-32f4-ea11-b882-24ee9a37d45c",-74130819,40588985,"SUSAN E. WAGNER HS - S. I.","1200 MANOR ROAD"
1,1,0,"43767649-31f4-ea11-b882-24ee9a37d45c","P.S. 033 Chelsea Prep - M033 - M033 - 02M033 - 281 9 AVENUE","42767649-31f4-ea11-b882-24ee9a37d45c",-74000238,40749014,"P.S. 33 - MANHATTAN","281 9 AVENUE"
1,0,1,"11eabc42-30f4-ea11-b882-24ee9a37d45c","P.S. 046 Edward C. Blum - K046 - K046 - 13K046 - 100 CLERMONT AVENUE","1a1bad3c-30f4-ea11-b882-24ee9a37d45c",-73971644,40694530,"P.S. 46 - BROOKLYN","100 CLERMONT AVENUE"
7,7,0,"63ffcc6e-33f4-ea11-b882-24ee9a37d45c","The Bronx High School of Science - X445 - X445 - 10X445 - 75 WEST 205 STREET","64ffcc6e-33f4-ea11-b882-24ee9a37d45c",-73889011,40879958,"BRONX HS OF SCIENCE - X","75 WEST 205 STREET"
1,0,1,"abd810ab-31f4-ea11-b882-24ee9a37d45c","Stephen T. Mather Building Arts & Craftsmanship High School - M139 - M625 - 02M139 - 439 WEST 49TH STREET","a9d810ab-31f4-ea11-b882-24ee9a37d45c",-73990318,40763655,"HS OF GRAPHIC COMMUNICATION ARTS-M","439 WEST 49TH STREET"
3,1,2,"509f4974-31f4-ea11-b882-24ee9a37d45c","P.S. 146 Ann M. Short - M146 - M146 - 04M146 - 421 EAST 106 STREET","4f9f4974-31f4-ea11-b882-24ee9a37d45c",-73938727,40789535,"P.S. 146 - MANHATTAN","421 EAST 106 STREET"
1,1,0,"72283fb1-30f4-ea11-b882-24ee9a37d45c","Community Roots Charter School - K536 - K287 - 84K536 - 50 NAVY STREET","73283fb1-30f4-ea11-b882-24ee9a37d45c",-73981120,40697856,"P.S. 287 - BROOKLYN","50 NAVY STREET"
2,1,1,"9072c880-32f4-ea11-b882-24ee9a37d45c","Eagle Academy for Young Men III - Q327 - Q633 - 29Q327 - 171-10 Linden Boulevard","9172c880-32f4-ea11-b882-24ee9a37d45c",-73778924,40691720,"EAGLE ACADEMY - QUEENS","171-10 Linden Boulevard"
2,0,2,"69e9a5af-4afb-ea11-b883-24ee9a37d459","YMCA OF GREATER NEW YORK - FLUSHING - QAJR - QAJR -  - 138-46 Northern Boulevard","6ae9a5af-4afb-ea11-b883-24ee9a37d459",-73827142,40764119,"Flushing YMCA UPK","138-46 Northern Boulevard"
2,1,1,"07ba8b86-30f4-ea11-b882-24ee9a37d45c","Explore Empower Charter School - K742 - K210 - 84K742 - 188 ROCHESTER AVENUE","08ba8b86-30f4-ea11-b882-24ee9a37d45c",-73928917,40672710,"I.S. 394 - BROOKLYN","188 ROCHESTER AVENUE"
1,0,1,"b917ab87-ebf6-ea11-b883-24ee9a37d459","P.S. 009 - Q009 - Q005 - 75Q009 - 50-40 JACOBUS STREET","9adc32dc-31f4-ea11-b882-24ee9a37d45c",-73888133,40737405,"I.S. 5 - QUEENS","50-40 JACOBUS STREET"
1,0,1,"d456635c-33f4-ea11-b882-24ee9a37d45c","Claremont International HS - X564 - X410 - 09X564 - 240 EAST 172 STREET","c856635c-33f4-ea11-b882-24ee9a37d45c",-73911366,40839307,"WILLIAM H. TAFT HS - X","240 EAST 172 STREET"
1,1,0,"cd79df48-30f4-ea11-b882-24ee9a37d45c","P.S. 66 - K066 - K066 - 18K066 - 845 EAST  96 STREET","cc79df48-30f4-ea11-b882-24ee9a37d45c",-73907064,40648749,"P.S. 66 - BROOKLYN","845 EAST  96 STREET"
1,1,0,"668946f4-31f4-ea11-b882-24ee9a37d45c","P.S. 049 Dorothy Bonawit Kole - Q049 - Q049 - 24Q049 - 63-60 80th Street","678946f4-31f4-ea11-b882-24ee9a37d45c",-73875493,40719567,"P.S./I.S. 49 - QUEENS","63-60 80th Street"
2,0,2,"367eed06-32f4-ea11-b882-24ee9a37d45c","P.S. 099 Kew Gardens - Q099 - Q099 - 28Q099 - 82-37 KEW GARDENS ROAD","377eed06-32f4-ea11-b882-24ee9a37d45c",-73827722,40711502,"P.S. 99 - QUEENS","82-37 KEW GARDENS ROAD"
3,1,2,"f0d27c6d-30f4-ea11-b882-24ee9a37d45c","School of Science & Technology - K152 - K152 - 22K152 - 725 EAST  23 STREET","efd27c6d-30f4-ea11-b882-24ee9a37d45c",-73954269,40632619,"P.S. 152 - BROOKLYN","725 EAST  23 STREET"
1,1,0,"00cf496e-31f4-ea11-b882-24ee9a37d45c","P.S. 129 John H. Finley - M129 - M129 - 05M129 - 425 WEST 130 STREET","fece496e-31f4-ea11-b882-24ee9a37d45c",-73952020,40814914,"P.S. 129 - MANHATTAN","425 WEST 130 STREET"
3,3,0,"86886843-31f4-ea11-b882-24ee9a37d45c","M.S. 243 Center School - M243 - M009 - 03M243 - 100 WEST  84 STREET","87886843-31f4-ea11-b882-24ee9a37d45c",-73974256,40785234,"P.S. 9 - MANHATTAN","100 WEST  84 STREET"
2,2,0,"4e88e6db-30f4-ea11-b882-24ee9a37d45c","Brooklyn Academy of Science and the Environment - K547 - K440 - 17K547 - 883 CLASSON AVENUE","4a88e6db-30f4-ea11-b882-24ee9a37d45c",-73960689,40669805,"PROSPECT HEIGHTS HS - K","883 CLASSON AVENUE"
2,2,0,"4b6e70b7-31f4-ea11-b882-24ee9a37d45c","High School for Mathematics, Science and Engineering at City College - M692 - M812 - 05M692 - 240 CONVENT AVE","4c6e70b7-31f4-ea11-b882-24ee9a37d45c",-73950354,40820208,"HS FOR MATH, SCI & ENGINEERING-M","240 CONVENT AVE"
1,1,0,"18d8cf12-31f4-ea11-b882-24ee9a37d45c","P.S. 326 - K326 - K852 - 22K326 - 1800 Utica Avenue","17d8cf12-31f4-ea11-b882-24ee9a37d45c",-73928250,40628417,"P.S. 326 - BROOKLYN","1800 Utica Avenue"
2,0,2,"912aa42b-33f4-ea11-b882-24ee9a37d45c","The Angelo Patri Middle School - X391 - X137 - 10X391 - 2225 WEBSTER AVENUE","8e2aa42b-33f4-ea11-b882-24ee9a37d45c",-73897404,40854257,"I.S. 391 (UDC) - BRONX","2225 WEBSTER AVENUE"
1,1,0,"e4f57030-30f4-ea11-b882-24ee9a37d45c","Ronald Edmonds Learning Center II - K484 - K012 - 17K484 - 430 HOWARD AVENUE","def57030-30f4-ea11-b882-24ee9a37d45c",-73920095,40673124,"P.S. 12 - BROOKLYN","430 HOWARD AVENUE"
3,3,0,"13ba8b86-30f4-ea11-b882-24ee9a37d45c","P.S. 206 Joseph F Lamb - K206 - K206 - 22K206 - 2200 GRAVESEND NECK ROAD","14ba8b86-30f4-ea11-b882-24ee9a37d45c",-73948453,40596876,"P.S. 206 - BROOKLYN","2200 GRAVESEND NECK ROAD"
1,1,0,"08af0313-32f4-ea11-b882-24ee9a37d45c","P.S. 129 Patricia Larkin - Q129 - Q129 - 25Q129 - 128-02 7 Avenue","09af0313-32f4-ea11-b882-24ee9a37d45c",-73839505,40789926,"P.S. 129 - QUEENS","128-02 7 Avenue"
2,2,0,"d4f57030-30f4-ea11-b882-24ee9a37d45c","The Emily Warren Roebling School - K008 - K008 - 13K008 - 37 HICKS STREET","d5f57030-30f4-ea11-b882-24ee9a37d45c",-73992841,40700709,"P.S. 8 - BROOKLYN","37 HICKS STREET"
1,1,0,"572b3eee-30f4-ea11-b882-24ee9a37d45c","Origins High School - K611 - K495 - 22K611 - 3000 AVENUE X","552b3eee-30f4-ea11-b882-24ee9a37d45c",-73936635,40593157,"Frank J. Macchiarola Educational Complex","3000 AVENUE X"
3,0,3,"d156635c-33f4-ea11-b882-24ee9a37d45c","Bronx High School for Medical Science - X413 - X410 - 09X413 - 240 EAST 172 STREET","c856635c-33f4-ea11-b882-24ee9a37d45c",-73911366,40839307,"WILLIAM H. TAFT HS - X","240 EAST 172 STREET"
1,1,0,"4be95536-4afb-ea11-b883-24ee9a37d459","HUDSON GUILD CHILDREN'S CENTER - MAUP - MAUP -  - 459 West 26 Street","4ce95536-4afb-ea11-b883-24ee9a37d459",-74002140,40749805,"HUDSON GUILD CHILDREN'S CENTER","459 West 26 Street"
2,2,0,"0ffc3df4-30f4-ea11-b882-24ee9a37d45c","All City Leadership Secondary School - K554 - K554 - 32K554 - 321 Palmetto Street","10fc3df4-30f4-ea11-b882-24ee9a37d45c",-73913172,40697378,"ALL CITY LEADERSHIP SECONDARY SCHOOL - BROOKLYN","321 Palmetto Street"
3,3,0,"e38521d0-32f4-ea11-b882-24ee9a37d45c","I.S. 072 Rocco Laurie - R072 - R072 - 31R072 - 33 FERNDALE AVENUE","e48521d0-32f4-ea11-b882-24ee9a37d45c",-74158618,40592132,"I.S. 72 - STATEN ISLAND","33 FERNDALE AVENUE"
1,1,0,"762b3eee-30f4-ea11-b882-24ee9a37d45c","Academy for Conservation and the Environment - K637 - K515 - 18K637 - 6565 FLATLANDS AVENUE","6d2b3eee-30f4-ea11-b882-24ee9a37d45c",-73916927,40634451,"SOUTH SHORE EDUCATIONAL CAMPUS - K","6565 FLATLANDS AVENUE"
1,1,0,"b03fce93-7c88-ec11-b8d0-24ee9a37d45c","Academy of American Studies - Q575 - Q575 - 30Q575 - 40-11 28th Street","b13fce93-7c88-ec11-b8d0-24ee9a37d45c",-73936596,40751839,"ACADEMY OF AMERICAN STUDIES - QUEENS","40-11 28th Street"
4,4,0,"5de61462-31f4-ea11-b882-24ee9a37d45c","J.H.S. 104 Simon Baruch - M104 - M104 - 02M104 - 330 EAST  21 STREET","5ee61462-31f4-ea11-b882-24ee9a37d45c",-73981034,40735879,"I.S. 104 - MANHATTAN","330 EAST  21 STREET"
1,0,1,"84476368-32f4-ea11-b882-24ee9a37d45c","Long Island City High School - Q450 - Q452 - 30Q450 - 14-30 BROADWAY","81476368-32f4-ea11-b882-24ee9a37d45c",-73933907,40765881,"LONG ISLAND CITY HS(NEW)-Q","14-30 BROADWAY"
1,1,0,"7907e99e-31f4-ea11-b882-24ee9a37d45c","Art and Design High School - M630 - M488 - 02M630 - 231-249 EAST 56 STREET","6d07e99e-31f4-ea11-b882-24ee9a37d45c",-73967204,40759248,"MIDTOWN EAST CAMPUS - MANHATTAN","231-249 EAST 56 STREET"
1,1,0,"538dbfcf-30f4-ea11-b882-24ee9a37d45c","Abraham Lincoln High School - K410 - K410 - 21K410 - 2800 OCEAN PARKWAY","518dbfcf-30f4-ea11-b882-24ee9a37d45c",-73968733,40582627,"ABRAHAM LINCOLN HS - K","2800 OCEAN PARKWAY"
1,1,0,"0e06003e-32f4-ea11-b882-24ee9a37d45c","Collaborative Arts Middle School - Q355 - Q231 - 29Q355 - 145-00 SPRINGFIELD BOULEVARD","0c06003e-32f4-ea11-b882-24ee9a37d45c",-73759396,40664809,"I.S. 231 (TANDEM Q251) - QUEENS","145-00 SPRINGFIELD BOULEVARD"
1,1,0,"559d7c62-33f4-ea11-b882-24ee9a37d45c","The Metropolitan Soundview High School - X521 - X420 - 12X521 - 1300 BOYNTON AVENUE","519d7c62-33f4-ea11-b882-24ee9a37d45c",-73878191,40832508,"JAMES MONROE EDUCATIONAL CAMPUS - X","1300 BOYNTON AVENUE"
2,2,0,"9ee657bd-30f4-ea11-b882-24ee9a37d45c","I.S. 318 Eugenio Maria De Hostos - K318 - K318 - 14K318 - 101 WALTON STREET","9de657bd-30f4-ea11-b882-24ee9a37d45c",-73948771,40703034,"I.S. 318 - BROOKLYN","101 WALTON STREET"
2,1,1,"b779df48-30f4-ea11-b882-24ee9a37d45c","P.S. 058 The Carroll - K058 - K058 - 15K058 - 330 SMITH STREET","b879df48-30f4-ea11-b882-24ee9a37d45c",-73995486,40680379,"P.S. 58 - BROOKLYN","330 SMITH STREET"
1,1,0,"90bc9674-32f4-ea11-b882-24ee9a37d45c","Hillcrest High School - Q505 - Q505 - 28Q505 - 160-05 HIGHLAND AVENUE","8fbc9674-32f4-ea11-b882-24ee9a37d45c",-73803001,40709461,"HILLCREST HS - Q","160-05 HIGHLAND AVENUE"
1,1,0,"f23159fa-30f4-ea11-b882-24ee9a37d45c","Dock Street School for STEAM Studies - K313 - K611 - 13K313 - 19 DOCK STREET","f03159fa-30f4-ea11-b882-24ee9a37d45c",-73992076,40702952,"DOCK ST CAMPUS - BROOKLYN","25 DOCK STREET"
1,0,1,"9003194f-30f4-ea11-b882-24ee9a37d45c","J.H.S. 078 Roy H. Mann - K078 - K078 - 22K078 - 1420 EAST  68 STREET","8b03194f-30f4-ea11-b882-24ee9a37d45c",-73912914,40620537,"I.S. 78 - BROOKLYN","1420 EAST  68 STREET"
1,0,1,"cc4e3585-4afb-ea11-b883-24ee9a37d459","ABC Kiddieland Inc - QBBL - QBBL -  - 62-21A ROOSEVELT AVENUE","cd4e3585-4afb-ea11-b883-24ee9a37d459",-73901824,40745778,"ABC Kiddieland, Inc","62-21A ROOSEVELT AVENUE"
1,0,1,"68507380-31f4-ea11-b882-24ee9a37d45c","P.S. 452 - M452 - M191 - 03M452 - 210 WEST  61 STREET","69507380-31f4-ea11-b882-24ee9a37d45c",-73987515,40771603,"P.S. 191 - MANHATTAN","210 WEST  61 STREET"
1,1,0,"417c21b7-32f4-ea11-b882-24ee9a37d45c","P.S. 6 Corporal Allan F. Kivlehan School - R006 - R006 - 31R006 - 555 PAGE AVENUE","3c7c21b7-32f4-ea11-b882-24ee9a37d45c",-74230118,40510207,"P.S. 6 - STATEN ISLAND","555 PAGE AVENUE"
1,1,0,"31eabc42-30f4-ea11-b882-24ee9a37d45c","Achievement First Brownsville Charter School - K626 - K055 - 84K626 - 2021 BERGEN STREET","32eabc42-30f4-ea11-b882-24ee9a37d45c",-73912685,40674456,"I.S. 55 - BROOKLYN","2021 BERGEN STREET"
1,0,1,"489d7c62-33f4-ea11-b882-24ee9a37d45c","Astor Collegiate Academy - X299 - X415 - 11X299 - 925 ASTOR AVENUE","439d7c62-33f4-ea11-b882-24ee9a37d45c",-73860729,40860443,"CHRISTOPHER COLUMBUS HS - X","925 ASTOR AVENUE"
3,1,2,"f3968d36-30f4-ea11-b882-24ee9a37d45c","P.S. 026 Jesse Owens - K026 - K026 - 16K026 - 1014 LAFAYETTE AVENUE","f2968d36-30f4-ea11-b882-24ee9a37d45c",-73931700,40692100,"P.S. 26 - BROOKLYN","1014 LAFAYETTE AVENUE"
1,0,1,"0ea198c3-30f4-ea11-b882-24ee9a37d45c","P.S. 328 Phyllis Wheatley - K328 - K328 - 19K328 - 330 ALABAMA AVENUE","0ca198c3-30f4-ea11-b882-24ee9a37d45c",-73898249,40667985,"P.S. 328 - BROOKLYN","330 ALABAMA AVENUE"
1,1,0,"b3027328-e8fe-eb11-b8b2-24ee9a37d45c","COOP NURSERY SCHOOL WESTSIDE YMCA - MATG - MATG -  - 5 WEST 63 STREET","b4027328-e8fe-eb11-b8b2-24ee9a37d45c",-73980540,40771122,"COOP NURSERY SCHOOL WESTSIDE YMCA","5 WEST 63 STREET"
1,0,1,"05ee94c3-31f4-ea11-b882-24ee9a37d45c","Spruce Street School - M397 - M971 - 02M397 - 12 SPRUCE STREET","01ee94c3-31f4-ea11-b882-24ee9a37d45c",-74005473,40711321,"THE SPRUCE STREET EDUCATIONAL CAMPUS","12 SPRUCE STREET"
1,1,0,"df2ece86-32f4-ea11-b882-24ee9a37d45c","Bard High School Early College Queens - Q299 - Q735 - 24Q299 - 30-20 THOMSON AVENUE","db2ece86-32f4-ea11-b882-24ee9a37d45c",-73937004,40744175,"QUEENS HIGH SCHOOL COMPLEX - Q","30-20 THOMSON AVENUE"
2,2,0,"380d6d19-33f4-ea11-b882-24ee9a37d45c","P.S. 105 Sen Abraham Bernstein - X105 - X105 - 11X105 - 725 Brady Avenue","390d6d19-33f4-ea11-b882-24ee9a37d45c",-73866264,40853075,"P.S. 105 - BRONX","725 Brady Avenue"
1,1,0,"b669c231-32f4-ea11-b882-24ee9a37d45c","P.S. 209 Clearview Gardens - Q209 - Q209 - 25Q209 - 16-10 Utopia Parkway","b569c231-32f4-ea11-b882-24ee9a37d45c",-73795845,40783777,"P.S. 209 - QUEENS","16-10 Utopia Parkway"
4,1,3,"27eabc42-30f4-ea11-b882-24ee9a37d45c","M.S. 51 William Alexander - K051 - K051 - 15K051 - 350 5 AVENUE","28eabc42-30f4-ea11-b882-24ee9a37d45c",-73985050,40672358,"I.S. 51 - BROOKLYN","350 5 AVENUE"
2,2,0,"5b0c1bb1-31f4-ea11-b882-24ee9a37d45c","The High School for Climate Justice - M655 - M645 - 02M655 - 320 EAST  96 STREET","570c1bb1-31f4-ea11-b882-24ee9a37d45c",-73945933,40783286,"OLD MANHATTAN VOC/TECH HS - M","320 EAST  96 STREET"
2,2,0,"ecce496e-31f4-ea11-b882-24ee9a37d45c","Columbia Secondary School - M362 - M125 - 05M362 - 425 WEST 123 STREET","edce496e-31f4-ea11-b882-24ee9a37d45c",-73955722,40810793,"P.S. 125 - MANHATTAN","425 WEST 123 STREET"
1,0,1,"fb4e3585-4afb-ea11-b883-24ee9a37d459","Highbridge Advisory Council - XAIM - XAIM -  - 1399 OGDEN AVENUE","fc4e3585-4afb-ea11-b883-24ee9a37d459",-73924626,40842407,"HIGHBRIDGE ADVISORY COUNCIL","1399 OGDEN AVENUE"
5,5,0,"2b0410ca-32f4-ea11-b882-24ee9a37d45c","P.S. 050 Frank Hankinson - R050 - R050 - 31R050 - 200 ADELAIDE AVENUE","2c0410ca-32f4-ea11-b882-24ee9a37d45c",-74124332,40560954,"P.S. 50 - STATEN ISLAND","200 ADELAIDE AVENUE"
1,1,0,"e83159fa-30f4-ea11-b882-24ee9a37d45c","Clara Barton High School - K600 - K600 - 17K600 - 901 CLASSON AVENUE","e13159fa-30f4-ea11-b882-24ee9a37d45c",-73960689,40669805,"CLARA BARTON HS - K","901 CLASSON AVENUE"
2,0,2,"c3c88e4f-31f4-ea11-b882-24ee9a37d45c","The Anderson School - M334 - M044 - 03M334 - 100 WEST  77 STREET","bfc88e4f-31f4-ea11-b882-24ee9a37d45c",-73977602,40780536,"I.S. 44 - MANHATTAN","100 WEST  77 STREET"
4,2,2,"89977d2b-32f4-ea11-b882-24ee9a37d45c","J.H.S. 194 William Carr - Q194 - Q194 - 25Q194 - 154-60 17 AVENUE","8a977d2b-32f4-ea11-b882-24ee9a37d45c",-73806990,40783231,"J.H.S. 194 - QUEENS","154-60 17 AVENUE"
2,2,0,"039c4c1f-32f4-ea11-b882-24ee9a37d45c","P.S. 163 Flushing Heights - Q163 - Q163 - 25Q163 - 159-01 59 AVENUE","049c4c1f-32f4-ea11-b882-24ee9a37d45c",-73808765,40741107,"P.S. 163 - QUEENS","159-01 59 AVENUE"
2,2,0,"5588e6db-30f4-ea11-b882-24ee9a37d45c","New Utrecht High School - K445 - K445 - 20K445 - 1601 80 STREET","5488e6db-30f4-ea11-b882-24ee9a37d45c",-74002308,40613041,"NEW UTRECHT HS - K","1601 80 STREET"
1,0,1,"a4bfa431-33f4-ea11-b882-24ee9a37d45c","P186X Walter J. Damrosch School - X186 - X146 - 75X186 - 968 CAULDWELL AVENUE","a5bfa431-33f4-ea11-b882-24ee9a37d45c",-73905734,40824717,"P.S. 146 - BRONX","968 CAULDWELL AVENUE"
2,0,2,"9369c231-32f4-ea11-b882-24ee9a37d45c","P.S./M.S. 200 - The Magnet School of Global Studies and Leadership - Q200 - Q200 - 25Q200 - 70-10 164 STREET","9469c231-32f4-ea11-b882-24ee9a37d45c",-73805759,40731070,"P.S. 200 - QUEENS","70-10 164 STREET"
1,1,0,"b1fab455-31f4-ea11-b882-24ee9a37d45c","J.H.S. 054 Booker T. Washington - M054 - M054 - 03M054 - 103 WEST 107 STREET","b2fab455-31f4-ea11-b882-24ee9a37d45c",-73963270,40800700,"I.S. 54 - MANHATTAN","103 WEST 107 STREET"
1,1,0,"12cf496e-31f4-ea11-b882-24ee9a37d45c","Dos Puentes Elementary School - M103 - M132 - 06M103 - 185 WADSWORTH AVENUE","10cf496e-31f4-ea11-b882-24ee9a37d45c",-73933964,40850561,"P.S. 132 - MANHATTAN","185 WADSWORTH AVENUE"
10,10,0,"38005d7a-31f4-ea11-b882-24ee9a37d45c","J.H.S. 167 Robert F. Wagner - M167 - M167 - 02M167 - 220 EAST  76 STREET","39005d7a-31f4-ea11-b882-24ee9a37d45c",-73957827,40771541,"I.S. 167 - MANHATTAN","220 EAST  76 STREET"
1,1,0,"d95ca1a9-4afb-ea11-b883-24ee9a37d459","ALL MY CHILDREN DAYCARE AND NURSERY SCHOOL - MBXN - MBXN -  - 110 Ridge Street","da5ca1a9-4afb-ea11-b883-24ee9a37d459",-73983203,40718917,"110 RIDGE STREET","110 Ridge Street"
1,1,0,"13ff3d8d-33f4-ea11-b882-24ee9a37d45c","P.S. 205 Fiorello LaGuardia - X205 - X864 - 10X205 - 2375 SOUTHERN BOULEVARD","14ff3d8d-33f4-ea11-b882-24ee9a37d45c",-73882372,40853238,"P.S. 205B (ECF) - BRONX","2375 SOUTHERN BOULEVARD"
2,2,0,"35005d7a-31f4-ea11-b882-24ee9a37d45c","P.S. 166 The Richard Rodgers School of The Arts and Technology - M166 - M166 - 03M166 - 132 WEST  89 STREET","36005d7a-31f4-ea11-b882-24ee9a37d45c",-73972557,40788925,"P.S. 166 - MANHATTAN","132 WEST  89 STREET"
1,1,0,"d73159fa-30f4-ea11-b882-24ee9a37d45c","City Polytechnic High School of Engineering, Architecture, and Technology - K674 - K580 - 13K674 - 105 TECH PLACE","d33159fa-30f4-ea11-b882-24ee9a37d45c",-73986105,40695444,"GEORGE WESTINGHOUSE VOC HS - K","105 TECH PLACE"
1,1,0,"4688e6db-30f4-ea11-b882-24ee9a37d45c","P.S. 130 The Parkside - K130 - K437 - 15K130 - 713 CATON AVENUE","4488e6db-30f4-ea11-b882-24ee9a37d45c",-73973363,40647598,"P.S./I.S. 437 - BROOKLYN","713 CATON AVENUE"
1,0,1,"ef9b4c1f-32f4-ea11-b882-24ee9a37d45c","J.H.S. 157 Stephen A. Halsey - Q157 - Q157 - 28Q157 - 63-55 102ND STREET","f09b4c1f-32f4-ea11-b882-24ee9a37d45c",-73852879,40732348,"J.H.S. 157 - QUEENS","63-55 102ND STREET"
1,0,1,"dbc1392a-30f4-ea11-b882-24ee9a37d45c","P.S. 001 The Bergen - K001 - K001 - 15K001 - 309 47 STREET","dcc1392a-30f4-ea11-b882-24ee9a37d45c",-74011420,40648959,"P.S. 1 - BROOKLYN","309 47 STREET"
5,3,2,"65507380-31f4-ea11-b882-24ee9a37d45c","P.S. 290 Manhattan New School - M290 - M190 - 02M290 - 311 EAST  82 STREET","66507380-31f4-ea11-b882-24ee9a37d45c",-73952777,40775181,"P.S. 290 - MANHATTAN","311 EAST  82 STREET"
4,4,0,"1f005d7a-31f4-ea11-b882-24ee9a37d45c","P.S. 158 Bayard Taylor - M158 - M158 - 02M158 - 1458 YORK AVENUE","1d005d7a-31f4-ea11-b882-24ee9a37d45c",-73950745,40770215,"P.S. 158 - MANHATTAN","1458 YORK AVENUE"
1,0,1,"64977d2b-32f4-ea11-b882-24ee9a37d45c","J.H.S. 185 Edward Bleeker - Q185 - Q185 - 25Q185 - 147-26 25 DRIVE","ae0e6e25-32f4-ea11-b882-24ee9a37d45c",-73818607,40774906,"J.H.S. 185 - QUEENS","147-26 25 DRIVE"
1,0,1,"d79319d7-ebf6-ea11-b883-24ee9a37d459","P.S. R373 - R373 - R061 - 75R373 - 445 CASTLETON AVENUE","460410ca-32f4-ea11-b882-24ee9a37d45c",-74097941,40634497,"I.S. 61 - STATEN ISLAND","445 CASTLETON AVENUE"
2,1,1,"8c72c880-32f4-ea11-b882-24ee9a37d45c","Thomas A. Edison Career and Technical Education High School - Q620 - Q620 - 28Q620 - 165-65 84 AVENUE","49b4977a-32f4-ea11-b882-24ee9a37d45c",-73799692,40716071,"THOMAS A. EDISON VOC HS - Q","165-65 84 AVENUE"
1,0,1,"0b7eed06-32f4-ea11-b882-24ee9a37d45c","P.S. 084 Steinway - Q084 - Q084 - 30Q084 - 22-45 41 STREET","0c7eed06-32f4-ea11-b882-24ee9a37d45c",-73906117,40771154,"P.S. 84 - QUEENS","22-45 41 STREET"
1,0,1,"c22ff20c-32f4-ea11-b882-24ee9a37d45c","P.S. 112 Dutch Kills - Q112 - Q112 - 30Q112 - 25-05 37 AVENUE","c32ff20c-32f4-ea11-b882-24ee9a37d45c",-73933562,40757293,"P.S. 112 - QUEENS","25-05 37 AVENUE"
2,1,1,"377c21b7-32f4-ea11-b882-24ee9a37d45c","P.S. 004 Maurice Wollin - R004 - R004 - 31R004 - 200 NEDRA LANE","337c21b7-32f4-ea11-b882-24ee9a37d45c",-74195281,40552059,"P.S. 4 - STATEN ISLAND","200 NEDRA LANE"
1,1,0,"dfa2f813-ebf6-ea11-b883-24ee9a37d459","P.S. K369 - Coy L. Cox School - K369 - K067 - 75K369 - 51 SAINT EDWARDS STREET","d179df48-30f4-ea11-b882-24ee9a37d45c",-73977674,40695339,"P.S. 67 - BROOKLYN","51 SAINT EDWARDS STREET"
1,1,0,"4c5bc58c-30f4-ea11-b882-24ee9a37d45c","P.S. 214 Michael Friedsam - K214 - K214 - 19K214 - 2944 PITKIN AVENUE","4b5bc58c-30f4-ea11-b882-24ee9a37d45c",-73862961,40675881,"P.S. 214 - BROOKLYN","2944 PITKIN AVENUE"
1,0,1,"725bc58c-30f4-ea11-b882-24ee9a37d45c","Urban Assembly School for Leadership and Empowerment - K609 - K223 - 20K609 - 4200 16 AVENUE","735bc58c-30f4-ea11-b882-24ee9a37d45c",-73982424,40635100,"I.S. 223 - BROOKLYN","4200 16 AVENUE"
1,1,0,"6a5bc58c-30f4-ea11-b882-24ee9a37d45c","J.H.S. 220 John J. Pershing - K220 - K220 - 20K220 - 4812 9TH AVENUE","695bc58c-30f4-ea11-b882-24ee9a37d45c",-74001250,40640997,"I.S. 220 - BROOKLYN","4812 9TH AVENUE"
3,0,3,"76e03d56-33f4-ea11-b882-24ee9a37d45c","In-Tech Academy (M.S. / High School 368) - X368 - X368 - 10X368 - 2975 TIBBETT AVENUE","74e03d56-33f4-ea11-b882-24ee9a37d45c",-73913694,40877935,"M.S./H.S. 368 - BRONX","2975 TIBBETT AVENUE"
1,1,0,"f9b6c337-32f4-ea11-b882-24ee9a37d45c","P.S. 213 The Carl Ullman School - Q213 - Q213 - 26Q213 - 231-02 67 AVENUE","f8b6c337-32f4-ea11-b882-24ee9a37d45c",-73745390,40747457,"P.S. 213 - QUEENS","231-02 67 AVENUE"
1,1,0,"db454b50-32f4-ea11-b882-24ee9a37d45c","M.S. 358 - Q358 - Q314 - 28Q358 - 88-08 164TH STREET","d5454b50-32f4-ea11-b882-24ee9a37d45c",-73797981,40708698,"P.S./ I.S. 314 - Queens","88-08 164TH STREET"
1,0,1,"e377bb9f-33f4-ea11-b882-24ee9a37d45c","Urban Assembly School for Applied Math and Science, The - X241 - X970 - 09X241 - 1595 BATHGATE AVENUE","e177bb9f-33f4-ea11-b882-24ee9a37d45c",-73901774,40839508,"BATHGATE HS - BRONX","1595 BATHGATE AVENUE"
1,1,0,"150410ca-32f4-ea11-b882-24ee9a37d45c","Gaynor McCown Expeditionary Learning School - R064 - R043 - 31R064 - 100 ESSEX DRIVE","a0a9d9c3-32f4-ea11-b882-24ee9a37d45c",-74159343,40581958,"JEROME PARKER CAMPUS - S.I.","100 ESSEX DRIVE"
5,3,2,"c9fab455-31f4-ea11-b882-24ee9a37d45c","The East Village Community School - M315 - M061 - 01M315 - 610 EAST  12 STREET","c8fab455-31f4-ea11-b882-24ee9a37d45c",-73978254,40727537,"P.S. 61 - MANHATTAN","610 EAST  12 STREET"
1,1,0,"409f4974-31f4-ea11-b882-24ee9a37d45c","J.H.S. 143 Eleanor Roosevelt - M143 - M143 - 06M143 - 511 WEST 182ND STREET","3f9f4974-31f4-ea11-b882-24ee9a37d45c",-73930991,40849311,"I.S. 143 - MANHATTAN","511 WEST 182ND STREET"
2,2,0,"e7201dab-30f4-ea11-b882-24ee9a37d45c","J.H.S. 278 Marine Park - K278 - K278 - 22K278 - 1925 STUART STREET","e8201dab-30f4-ea11-b882-24ee9a37d45c",-73938721,40606745,"I.S. 278 - BROOKLYN","1925 STUART STREET"
1,1,0,"f8bdf08c-32f4-ea11-b882-24ee9a37d45c","P.S. 150 Queens - Q150 - Q797 - 30Q150 - 41-12 44th Street","f9bdf08c-32f4-ea11-b882-24ee9a37d45c",-73920429,40746352,"P.S. 150 ANNEX - QUEENS","41-12 44th Street"
2,2,0,"8036d900-33f4-ea11-b882-24ee9a37d45c","P.S. 061 Francisco Oller - X061 - X061 - 12X061 - 1550 CROTONA PARK EAST","7e36d900-33f4-ea11-b882-24ee9a37d45c",-73892784,40836156,"P.S. 61 - BRONX","1550 CROTONA PARK EAST"
1,1,0,"72d92255-30f4-ea11-b882-24ee9a37d45c","P.S. 086 The Irvington - K086 - K086 - 32K086 - 220 IRVING AVENUE","71d92255-30f4-ea11-b882-24ee9a37d45c",-73917804,40700595,"P.S. 86 - BROOKLYN","220 IRVING AVENUE"
2,0,2,"7441e65b-31f4-ea11-b882-24ee9a37d45c","P.S. 076 A. Philip Randolph - M076 - M076 - 03M076 - 220 WEST 121 STREET","7241e65b-31f4-ea11-b882-24ee9a37d45c",-73951451,40806534,"P.S. 76 - MANHATTAN","220 WEST 121 STREET"
12,8,4,"30767649-31f4-ea11-b882-24ee9a37d45c","New Explorations into Science, Technology and Math High School - M539 - M022 - 01M539 - 111 COLUMBIA STREET","31767649-31f4-ea11-b882-24ee9a37d45c",-73979581,40719416,"N.E.S.T (OLD J22) - MANHATTAN","111 COLUMBIA STREET"
1,1,0,"8f593c87-33f4-ea11-b882-24ee9a37d45c","P.S. 246 Poe Center - X246 - X843 - 10X246 - 2641 Grand Concourse","90593c87-33f4-ea11-b882-24ee9a37d45c",-73895300,40865972,"P.S. 246 (POE CENTER) - BRONX","2641 Grand Concourse"
1,0,1,"bc315367-30f4-ea11-b882-24ee9a37d45c","P.S. 121 Nelson A. Rockefeller - K121 - K121 - 21K121 - 5301 20 AVENUE","bd315367-30f4-ea11-b882-24ee9a37d45c",-73978472,40622671,"P.S. 121 - BROOKLYN","5301 20 AVENUE"
3,3,0,"546e70b7-31f4-ea11-b882-24ee9a37d45c","Millennium High School - M418 - M824 - 02M418 - 75 BROAD STREET","760c1bb1-31f4-ea11-b882-24ee9a37d45c",-74011202,40704697,"MILLENNIUM HS - MANHATTAN","75 BROAD STREET"
1,0,1,"39de5eb7-30f4-ea11-b882-24ee9a37d45c","P.S. 297 Abraham Stockton - K297 - K297 - 14K297 - 700 PARK AVENUE","38de5eb7-30f4-ea11-b882-24ee9a37d45c",-73948166,40697377,"P.S. 297 - BROOKLYN","700 PARK AVENUE"
1,1,0,"44ff3d8d-33f4-ea11-b882-24ee9a37d45c","High School of American Studies at Lehman College - X696 - X905 - 10X696 - 2925 Goulden Avenue","45ff3d8d-33f4-ea11-b882-24ee9a37d45c",-73895543,40874725,"HS OF AMERICAN STUDIES - BRONX","2925 Goulden Avenue"
1,0,1,"698946f4-31f4-ea11-b882-24ee9a37d45c","P.S. 050 Talfourd Lawn Elementary School - Q050 - Q050 - 28Q050 - 143-26 101 AVENUE","6a8946f4-31f4-ea11-b882-24ee9a37d45c",-73806842,40694868,"P.S. 50 - QUEENS","143-26 101 AVENUE"
1,0,1,"3e7c21b7-32f4-ea11-b882-24ee9a37d45c","P.S. 005 Huguenot - R005 - R005 - 31R005 - 348 DEISIUS STREET","3f7c21b7-32f4-ea11-b882-24ee9a37d45c",-74187276,40529389,"P.S. 5 - STATEN ISLAND","348 DEISIUS STREET"
4,3,1,"0cf32ce2-31f4-ea11-b882-24ee9a37d45c","P.S. 015 Jackie Robinson - Q015 - Q015 - 29Q015 - 121-15 LUCAS STREET","0df32ce2-31f4-ea11-b882-24ee9a37d45c",-73756546,40686050,"P.S. 15 - QUEENS","121-15 LUCAS STREET"
1,1,0,"90c280bd-31f4-ea11-b882-24ee9a37d45c","Harvest Collegiate High School - M534 - M883 - 02M534 - 34 WEST  14 STREET","8fc280bd-31f4-ea11-b882-24ee9a37d45c",-73995731,40736416,"LEGACY HS FOR INTEGR. STUDIES - M","34 WEST  14 STREET"
1,1,0,"ba69c231-32f4-ea11-b882-24ee9a37d45c","J.H.S. 210 Elizabeth Blackwell - Q210 - Q210 - 27Q210 - 93-11 101 AVENUE","bb69c231-32f4-ea11-b882-24ee9a37d45c",-73847633,40684760,"I.S. 210 - QUEENS","93-11 101 AVENUE"
1,0,1,"702b3eee-30f4-ea11-b882-24ee9a37d45c","Brooklyn Theatre Arts High School - K567 - K515 - 18K567 - 6565 FLATLANDS AVENUE","6d2b3eee-30f4-ea11-b882-24ee9a37d45c",-73916927,40634451,"SOUTH SHORE EDUCATIONAL CAMPUS - K","6565 FLATLANDS AVENUE"
1,1,0,"96e657bd-30f4-ea11-b882-24ee9a37d45c","P.S. 316 Elijah Stroud - K316 - K316 - 17K316 - 750 CLASSON AVENUE","94e657bd-30f4-ea11-b882-24ee9a37d45c",-73961418,40674685,"P.S. 316 - BROOKLYN","750 CLASSON AVENUE"
1,0,1,"200b210d-33f4-ea11-b882-24ee9a37d45c","P.S. 75 School of Research and Discovery - X075 - X075 - 08X075 - 984 FAILE STREET","1f0b210d-33f4-ea11-b882-24ee9a37d45c",-73888948,40822314,"P.S. 75 - BRONX","984 FAILE STREET"
1,1,0,"24b4977a-32f4-ea11-b882-24ee9a37d45c","Middle College High School at LaGuardia Community College - Q520 - Q520 - 24Q520 - 45-35 VAN DAM STREET","22b4977a-32f4-ea11-b882-24ee9a37d45c",-73933316,40743253,"MIDDLE COLLEGE CAMPUS - QUEENS","45-35 VAN DAM STREET"
1,1,0,"6707e99e-31f4-ea11-b882-24ee9a37d45c","Talent Unlimited High School - M519 - M480 - 02M519 - 317 EAST  67 STREET","6007e99e-31f4-ea11-b882-24ee9a37d45c",-73959777,40765638,"JULIA RICHMAN ED. COMPLEX - M","317 EAST  67 STREET"
1,1,0,"48767649-31f4-ea11-b882-24ee9a37d45c","P.S. 034 Franklin D. Roosevelt - M034 - M034 - 01M034 - 730 East  12 Street","49767649-31f4-ea11-b882-24ee9a37d45c",-73975058,40726008,"P.S. 34 - MANHATTAN","730 East  12 Street"
1,0,1,"4fa10a44-32f4-ea11-b882-24ee9a37d45c","P.S./I.S. 268 - Q268 - Q268 - 29Q268 - 92-07 175 STREET","4ea10a44-32f4-ea11-b882-24ee9a37d45c",-73785210,40707648,"P.S. 268 - QUEENS","92-07 175 STREET"
2,1,1,"bb3aa668-33f4-ea11-b882-24ee9a37d45c","Bronx High School for Law and Community Service - X439 - X435 - 10X439 - 500 EAST FORDHAM ROAD","b03aa668-33f4-ea11-b882-24ee9a37d45c",-73888625,40859466,"THEODORE ROOSEVELT EDUCATIONAL CAMPUS - X","500 EAST FORDHAM ROAD"
3,2,1,"21474313-33f4-ea11-b882-24ee9a37d45c","P.S. 089 Bronx - X089 - X089 - 11X089 - 980 MACE AVENUE","22474313-33f4-ea11-b882-24ee9a37d45c",-73859254,40862481,"P.S. 89 - BRONX","980 MACE AVENUE"
1,1,0,"aaab074a-33f4-ea11-b882-24ee9a37d45c","Urban Institute of Mathematics - X371 - X192 - 08X371 - 650 HOLLYWOOD AVENUE","078b0044-33f4-ea11-b882-24ee9a37d45c",-73818083,40826794,"I.S. 192 - BRONX","650 HOLLYWOOD AVENUE"
2,2,0,"02fc3df4-30f4-ea11-b882-24ee9a37d45c","Leon M. Goldstein High School for the Sciences - K535 - K535 - 22K535 - 1830 SHORE BOULEVARD","01fc3df4-30f4-ea11-b882-24ee9a37d45c",-73934449,40578356,"LEON GOLDSTEIN HS - BROOKLYN","1830 SHORE BOULEVARD"
1,0,1,"03e0ede7-49fb-ea11-b883-24ee9a37d459","Nuestros Ninos CDS - KBVC - KBVC -  - 384 South 4th Street","04e0ede7-49fb-ea11-b883-24ee9a37d459",-73952544,40707885,"Nuestros Ninos CDS","384 South 4th Street"
2,2,0,"6c03194f-30f4-ea11-b882-24ee9a37d45c","I.S. 068 Isaac Bildersee - K068 - K068 - 18K068 - 956 EAST  82 STREET","6b03194f-30f4-ea11-b882-24ee9a37d45c",-73911215,40635388,"I.S. 68 - BROOKLYN","956 EAST  82 STREET"
1,1,0,"33474313-33f4-ea11-b882-24ee9a37d45c","Ampark Neighborhood - X344 - X095 - 10X344 - 3961 HILLMAN AVENUE","34474313-33f4-ea11-b882-24ee9a37d45c",-73891664,40883049,"P.S. 95 - BRONX","3961 HILLMAN AVENUE"
1,1,0,"7c977d2b-32f4-ea11-b882-24ee9a37d45c","P.S. 191 Mayflower - Q191 - Q191 - 26Q191 - 85-15 258 STREET","7b977d2b-32f4-ea11-b882-24ee9a37d45c",-73708617,40734266,"P.S. 191 - QUEENS","85-15 258 STREET"
1,1,0,"5d5bc58c-30f4-ea11-b882-24ee9a37d45c","J.H.S. 218 James P. Sinnott - K218 - K218 - 19K218 - 370 FOUNTAIN AVENUE","5b5bc58c-30f4-ea11-b882-24ee9a37d45c",-73874537,40670020,"I.S. 218 - BROOKLYN","370 FOUNTAIN AVENUE"
1,1,0,"8003194f-30f4-ea11-b882-24ee9a37d45c","East New York Elementary School of Excellence - K677 - K072 - 19K677 - 605 SHEPHERD AVENUE","7e03194f-30f4-ea11-b882-24ee9a37d45c",-73879131,40669358,"P.S. 72 - BROOKLYN","605 SHEPHERD AVENUE"
1,0,1,"6741e65b-31f4-ea11-b882-24ee9a37d45c","N.Y.C. Museum School - M414 - M070 - 02M414 - 333 WEST  17 STREET","defab455-31f4-ea11-b882-24ee9a37d45c",-74002222,40742512,"I.S. 70 - MANHATTAN","333 WEST  17 STREET"
1,0,1,"bd0d3c5b-30f4-ea11-b882-24ee9a37d45c","P.S. 094 The Henry Longfellow - K094 - K094 - 15K094 - 5010 6 AVENUE","8fd92255-30f4-ea11-b882-24ee9a37d45c",-74008795,40643730,"P.S. 94 - BROOKLYN","5010 6 AVENUE"
1,0,1,"a332c3fb-eaf6-ea11-b883-24ee9a37d459","P.S. 131 Abigail Adams - Q131 - Q131 - 29Q131 - 170-21 84 Avenue","0eaf0313-32f4-ea11-b882-24ee9a37d45c",-73794061,40717150,"P.S. 131 - QUEENS","170-21 84 Avenue"
1,0,1,"1430f69f-ebf6-ea11-b883-24ee9a37d459","P.S. Q224 - Q224 - Q205 - 75Q224 - 75-25 BELL BOULEVARD","a769c231-32f4-ea11-b882-24ee9a37d45c",-73756374,40738008,"P.S. 205 - QUEENS","75-25 BELL BOULEVARD"
1,0,1,"6e2b3eee-30f4-ea11-b882-24ee9a37d45c","Brooklyn Community High School for Excellence and Equity - K566 - K515 - 18K566 - 6565 FLATLANDS AVENUE","6d2b3eee-30f4-ea11-b882-24ee9a37d45c",-73916927,40634451,"SOUTH SHORE EDUCATIONAL CAMPUS - K","6565 FLATLANDS AVENUE"
1,1,0,"8fdc32dc-31f4-ea11-b882-24ee9a37d45c","The Academy for Excellence through the Arts - Q303 - Q003 - 28Q303 - 68-60 110 Street","90dc32dc-31f4-ea11-b882-24ee9a37d45c",-73844032,40725787,"P.S. 303 - QUEENS","68-60 110 Street"
1,1,0,"8f8d8486-31f4-ea11-b882-24ee9a37d45c","P.S. 206 Jose Celso Barbosa - M206 - M206 - 04M206 - 508 EAST 120 STREET","908d8486-31f4-ea11-b882-24ee9a37d45c",-73930528,40796889,"P.S. 206 (TANDEM M112) - MANHATTAN","508 EAST 120 STREET"
1,1,0,"91e657bd-30f4-ea11-b882-24ee9a37d45c","P.S. 506: The School of Journalism & Technology - K506 - K314 - 20K506 - 330 59 STREET","8ee657bd-30f4-ea11-b882-24ee9a37d45c",-74019299,40641950,"P.S. 314 - BROOKLYN","330 59 STREET"
1,0,1,"39474313-33f4-ea11-b882-24ee9a37d45c","P.S. 095 Sheila Mencher - X095 - X095 - 10X095 - 3961 HILLMAN AVENUE","34474313-33f4-ea11-b882-24ee9a37d45c",-73891664,40883049,"P.S. 95 - BRONX","3961 HILLMAN AVENUE"
1,1,0,"f4fb3df4-30f4-ea11-b882-24ee9a37d45c","P.S. 160 William T. Sampson - K160 - K521 - 20K160 - 1057 52ND STREET","f5fb3df4-30f4-ea11-b882-24ee9a37d45c",-73999057,40636501,"P.S. 160 ANNEX - BROOKLYN","1057 52ND STREET"
2,1,1,"64bc9674-32f4-ea11-b882-24ee9a37d45c","Richmond Hill High School - Q475 - Q475 - 27Q475 - 89-30 114 Street","3002926e-32f4-ea11-b882-24ee9a37d45c",-73833815,40695171,"RICHMOND HILL HS - Q","89-30 114 Street"
1,0,1,"2ca6ba98-31f4-ea11-b882-24ee9a37d45c","High School for Law and Public Service - M467 - M465 - 06M467 - 549 AUDUBON AVENUE","25a6ba98-31f4-ea11-b882-24ee9a37d45c",-73926060,40856532,"G. WASHINGTON HS EDUC. CAMPUS - M","549 AUDUBON AVENUE"
1,1,0,"4ba10a44-32f4-ea11-b882-24ee9a37d45c","P.S./I.S. 266 - Q266 - Q266 - 26Q266 - 74-10 COMMONWEALTH BOULEVARD","4aa10a44-32f4-ea11-b882-24ee9a37d45c",-73728415,40746128,"P.S./I.S. 266 - QUEENS","74-10 COMMONWEALTH BOULEVARD"
1,1,0,"e60d3c5b-30f4-ea11-b882-24ee9a37d45c","P.S. 107 John W. Kimball - K107 - K107 - 15K107 - 1301 8 AVENUE","e70d3c5b-30f4-ea11-b882-24ee9a37d45c",-73981181,40662945,"P.S. 107 - BROOKLYN","1301 8 AVENUE"
1,1,0,"04f32ce2-31f4-ea11-b882-24ee9a37d45c","P.S. 013 Clement C. Moore - Q013 - Q013 - 24Q013 - 55-01 94 STREET","05f32ce2-31f4-ea11-b882-24ee9a37d45c",-73867662,40737441,"P.S. 13 - QUEENS","55-01 94 STREET"
1,1,0,"3b0d6d19-33f4-ea11-b882-24ee9a37d45c","P.S. 106 Parkchester - X106 - X106 - 11X106 - 1514 OLMSTEAD AVENUE","3c0d6d19-33f4-ea11-b882-24ee9a37d45c",-73854823,40836974,"P.S. 106 - BRONX","1514 OLMSTEAD AVENUE"
1,1,0,"e437fba4-31f4-ea11-b882-24ee9a37d45c","Urban Assembly Maker Academy - M282 - M520 - 02M282 - 411 PEARL STREET","e037fba4-31f4-ea11-b882-24ee9a37d45c",-74000851,40711441,"MURRY BERGTRAUM HS (ECF) - M","411 PEARL STREET"
1,1,0,"b33aa668-33f4-ea11-b882-24ee9a37d45c","Knowledge and Power Preparatory Academy International High School (Kappa) - X374 - X435 - 10X374 - 500 EAST FORDHAM ROAD","b03aa668-33f4-ea11-b882-24ee9a37d45c",-73888625,40859466,"THEODORE ROOSEVELT EDUCATIONAL CAMPUS - X","500 EAST FORDHAM ROAD"
2,1,1,"54ebaa73-30f4-ea11-b882-24ee9a37d45c","P.S. 169 Sunset Park - K169 - K169 - 15K169 - 4305 7 AVENUE","55ebaa73-30f4-ea11-b882-24ee9a37d45c",-74001700,40645825,"P.S. 169 - BROOKLYN","4305 7 AVENUE"
1,1,0,"ed21d292-30f4-ea11-b882-24ee9a37d45c","J.H.S. 227 Edward B. Shallow - K227 - K227 - 20K227 - 6500 16 AVENUE","ee21d292-30f4-ea11-b882-24ee9a37d45c",-73995961,40622102,"I.S. 227 - BROOKLYN","6500 16 AVENUE"
1,0,1,"10b7c337-32f4-ea11-b882-24ee9a37d45c","P.S. 221 The North Hills School - Q221 - Q221 - 26Q221 - 57-40 MARATHON PARKWAY","11b7c337-32f4-ea11-b882-24ee9a37d45c",-73731518,40758808,"P.S. 221 - QUEENS","57-40 MARATHON PARKWAY"
1,1,0,"2f416e00-31f4-ea11-b882-24ee9a37d45c","Brooklyn High School of the Arts - K656 - K655 - 15K656 - 345 DEAN STREET","30416e00-31f4-ea11-b882-24ee9a37d45c",-73980266,40683951,"BKLYN HS OF THE ARTS (OL S J HL)-K","345 DEAN STREET"
1,1,0,"8c53dd74-33f4-ea11-b882-24ee9a37d45c","Bronx School for Law, Government and Justice - X505 - X460 - 09X505 - 244 EAST 163 STREET","8d53dd74-33f4-ea11-b882-24ee9a37d45c",-73919024,40827461,"HS OF LAW, GOV'T & JUSTICE - X","244 EAST 163 STREET"
1,0,1,"b269c231-32f4-ea11-b882-24ee9a37d45c","P.S./I.S. 208 - Q208 - Q208 - 29Q208 - 74-30 COMMONWEALTH BLVD","ab69c231-32f4-ea11-b882-24ee9a37d45c",-73727632,40744276,"P.S./I.S. 208 - QUEENS","74-30 COMMONWEALTH BLVD"
1,1,0,"41005d7a-31f4-ea11-b882-24ee9a37d45c","P.S. 171 Patrick Henry - M171 - M171 - 04M171 - 19 EAST 103 STREET","42005d7a-31f4-ea11-b882-24ee9a37d45c",-73951425,40792302,"P.S. 171 - MANHATTAN","19 EAST 103 STREET"
1,0,1,"ed207b48-4afb-ea11-b883-24ee9a37d459","Birch Family Services, Inc - MBBI - MADU -  - 554 FORT WASHINGTON AVENUE","ee207b48-4afb-ea11-b883-24ee9a37d459",-73936827,40853755,"HERBERT G. BIRCH ANNEX","554 FORT WASHINGTON AVENUE"
1,0,1,"9401ce37-33f4-ea11-b882-24ee9a37d45c","P.S. 168 - X168 - X160 - 75X168 - 4140 HUTCHINSON RIVER PKWAY EA","9501ce37-33f4-ea11-b882-24ee9a37d45c",-73823816,40864073,"P.S. 160 - BRONX","4140 HUTCHINSON RIVER PKWAY EA"
1,1,0,"b7ba2fb7-8c3d-eb11-b88a-24ee9a37d45c","Sunny Happy Kids, Inc. - KDQX - KDKM -  - 2028 71 Street","b8ba2fb7-8c3d-eb11-b88a-24ee9a37d45c",-73988632,40612651,"2028 71st Street","2028 71 Street"
1,1,0,"dd3159fa-30f4-ea11-b882-24ee9a37d45c","Bridges: A School for Exploration and Equity - K915 - K580 - 13K915 - 105 TECH PLACE","d33159fa-30f4-ea11-b882-24ee9a37d45c",-73986105,40695444,"GEORGE WESTINGHOUSE VOC HS - K","105 TECH PLACE"
1,1,0,"d3ed94c3-31f4-ea11-b882-24ee9a37d45c","Young Women's Leadership School - M610 - M895 - 04M610 - 105 East 106th Street","d4ed94c3-31f4-ea11-b882-24ee9a37d45c",-73947171,40792932,"YOUNG WOMEN'S LEADERSHIP HS - M","105 East 106th Street"
1,1,0,"039ebaee-32f4-ea11-b882-24ee9a37d45c","P.S. 3 Raul Julia Micro Society - X003 - X003 - 10X003 - 2100 LAFONTAINE AVENUE","049ebaee-32f4-ea11-b882-24ee9a37d45c",-73891630,40850131,"P.S. 3 - BRONX","2100 LAFONTAINE AVENUE"
2,2,0,"bb2ff20c-32f4-ea11-b882-24ee9a37d45c","Jean Nuzzi Intermediate School - Q109 - Q109 - 29Q109 - 213-10 92 AVENUE","bc2ff20c-32f4-ea11-b882-24ee9a37d45c",-73746375,40720074,"I.S. 109 - QUEENS","213-10 92 AVENUE"
4,3,1,"32416e00-31f4-ea11-b882-24ee9a37d45c","The Math & Science Exploratory School - K447 - K655 - 15K447 - 345 DEAN STREET","30416e00-31f4-ea11-b882-24ee9a37d45c",-73980266,40683951,"BKLYN HS OF THE ARTS (OL S J HL)-K","345 DEAN STREET"
1,0,1,"c7c88e4f-31f4-ea11-b882-24ee9a37d45c","River East Elementary - M037 - M045 - 04M037 - 2351 FIRST AVENUE","c6c88e4f-31f4-ea11-b882-24ee9a37d45c",-73933740,40799265,"I.S. 45 - MANHATTAN","2351 FIRST AVENUE"
1,0,1,"ecba3c50-33f4-ea11-b882-24ee9a37d45c","P.S. 340 - X340 - X340 - 10X340 - 25 WEST 195 STREET","edba3c50-33f4-ea11-b882-24ee9a37d45c",-73897171,40869407,"P.S. 340 - BRONX","25 WEST 195 STREET"
1,0,1,"e29319d7-ebf6-ea11-b883-24ee9a37d459","The Richmond Pre-K Center - R066 - R113 - 31R066 - 841 FATHER CAPODANNO BOULEVARD","f98521d0-32f4-ea11-b882-24ee9a37d45c",-74083885,40575592,"3K CENTER @ FATHER CAPODANNO BOULEVARD - STATEN IS","841 FATHER CAPODANNO BOULEVARD"
7,7,0,"8d41e65b-31f4-ea11-b882-24ee9a37d45c","P.S. 087 William Sherman - M087 - M087 - 03M087 - 160 WEST  78 STREET","8e41e65b-31f4-ea11-b882-24ee9a37d45c",-73978020,40781710,"P.S. 87 - MANHATTAN","160 WEST  78 STREET"
1,0,1,"c4452be7-ee14-ec11-b8b5-24ee9a37d45c","P.S. 340 - X340 - X448 - 10X340 - 2751 Jerome Avenue","c5452be7-ee14-ec11-b8b5-24ee9a37d45c",-73897171,40869405,"P.S. 340 GYM ANNEX - BRONX","2751 Jerome Avenue"
1,0,1,"8407e99e-31f4-ea11-b882-24ee9a37d45c","Manhattan / Hunter Science High School - M541 - M490 - 03M541 - 122 AMSTERDAM AVENUE","7c07e99e-31f4-ea11-b882-24ee9a37d45c",-73985608,40774891,"MARTIN LUTHER KING, JR. HS - M","122 AMSTERDAM AVENUE"
